  1.70000e+06      350000.      158.000      18.0000
  3.10000e+06      600000.      75.0000      3.00000
  4.10000e+06      600000.      105.000      20.0000
  4.10000e+06  1.45000e+06      67.0000      3.00000
  6.40000e+06      640000.      88.0000      4.00000
  8.00000e+06      800000.      150.000      7.00000
  8.60000e+06      300000.      151.000      7.00000
  8.60000e+06      860000.      93.0000      4.00000
  1.30000e+07  4.50000e+06      111.000      5.00000
  1.50000e+07  6.50000e+06      133.000      12.0000
  1.60000e+07  9.60000e+06      175.000      8.00000
  1.80000e+07  2.00000e+06      143.000      7.00000
  2.10000e+07  2.10000e+06      112.000      5.00000
  2.70000e+07  2.70000e+06      74.0000      3.00000
  3.40000e+07  3.40000e+06      154.000      7.00000
  3.70000e+07  3.70000e+06      114.000      5.00000
  3.78000e+07      100000.      115.000      10.0000
  3.80000e+07  3.80000e+06      110.000      5.00000
  4.20000e+07  1.80000e+07      209.000      10.0000
  4.20000e+07  4.20000e+06      83.0000      4.00000
  4.30000e+07  4.50000e+06      189.000      9.00000
  4.60000e+07  5.00000e+06      205.000      10.0000
  4.70000e+07  3.82000e+07      115.000      5.00000
  5.50000e+07  1.35000e+07      156.000      19.0000
  5.70000e+07  5.70000e+06      119.000      5.00000
  6.90000e+07  7.00000e+06      162.000      8.00000
  7.10000e+07  5.20000e+07      218.000      10.0000
  7.40000e+07  1.40000e+07      167.000      8.00000
  7.60000e+07  7.60000e+06      116.000      5.00000
  7.90000e+07  7.90000e+06      136.000      6.00000
  8.00000e+07  1.55000e+07      143.000      7.00000
  8.00000e+07  8.00000e+06      78.0000      3.00000
  8.40000e+07  3.05000e+07      136.000      6.00000
  8.40000e+07  8.40000e+06      134.000      6.00000
  1.10000e+08  6.00000e+07      145.000      7.00000
  1.20000e+08  6.90000e+07      206.000      10.0000
  1.20000e+08  4.05000e+07      229.000      11.0000
  1.20000e+08  1.20000e+07      121.000      6.00000
  1.30000e+08  7.20000e+07      190.000      9.00000
  1.40000e+08  1.40000e+07      271.000      13.0000
  1.50000e+08  6.00000e+07      160.000      8.00000
  1.80000e+08  3.50000e+07      183.000      9.00000
  1.85000e+08  2.77500e+07      150.000      7.00000
  2.00000e+08  2.00000e+07      177.000      8.00000
  2.10000e+08  9.00000e+07      182.000      9.00000
  2.10000e+08  5.50000e+07      180.000      9.00000
  2.20000e+08  5.00000e+07      205.000      10.0000
  2.40000e+08  1.94000e+08      305.000      15.0000
  2.90000e+08  1.10000e+08      234.000      11.0000
  3.20000e+08  1.63500e+08      242.000      12.0000
  3.40000e+08  1.05000e+08      213.000      10.0000
  3.60000e+08  1.60000e+08      225.000      11.0000
  4.00000e+08  2.20000e+08      266.000      13.0000
  5.20000e+08  8.00000e+07      322.000      16.0000
  5.50000e+08  1.15000e+08      315.000      15.0000
  5.70000e+08  4.65000e+08      240.000      12.0000
  6.00000e+08  2.00000e+08      290.000      14.0000
  8.00000e+08  4.15000e+08      222.000      11.0000
  9.05000e+08  3.25000e+08      337.000      16.0000
  9.60000e+08  4.15000e+08      230.000      11.0000
  1.10000e+09  1.10000e+08      185.000      9.00000
  1.50000e+09  8.50000e+08      296.000      14.0000
  2.10000e+09  5.50000e+08      385.000      19.0000
  2.80000e+09  1.15000e+09      340.000      17.0000
  3.60000e+09  1.00000e+09      375.000      18.0000
  3.90000e+09  5.00000e+08      288.000      14.0000
  4.90000e+09  4.90000e+08      233.000      11.0000
