0.005	0.002499992	0.4999953
0.013	0.006499863	0.4999683
0.021	0.01049942	0.4999173
0.029	0.01449848	0.4998423
0.037	0.01849683	0.4997433
0.045	0.02249431	0.4996204
0.053	0.0264907	0.4994734
0.061	0.03048582	0.4993025
0.069	0.03447947	0.4991076
0.077	0.03847147	0.4988888
0.085	0.04246163	0.498646
0.093	0.04644975	0.4983793
0.101	0.05043563	0.4980887
0.109	0.0544191	0.4977742
0.117	0.05839996	0.4974358
0.125	0.06237801	0.4970735
0.133	0.06635307	0.4966874
0.141	0.07032494	0.4962775
0.149	0.07429344	0.4958437
0.157	0.07825838	0.4953862
0.165	0.08221956	0.494905
0.173	0.0861768	0.4944
0.181	0.0901299	0.4938713
0.189	0.09407867	0.4933189
0.197	0.09802294	0.4927429
0.205	0.1019625	0.4921433
0.213	0.1058972	0.4915201
0.221	0.1098268	0.4908733
0.229	0.1137511	0.4902031
0.237	0.1176699	0.4895093
0.245	0.1215832	0.4887921
0.253	0.1254906	0.4880516
0.261	0.1293919	0.4872876
0.269	0.1332871	0.4865003
0.277	0.1371759	0.4856898
0.285	0.1410581	0.484856
0.293	0.1449335	0.483999
0.301	0.148802	0.4831189
0.309	0.1526633	0.4822157
0.317	0.1565174	0.4812894
0.325	0.1603639	0.4803401
0.333	0.1642028	0.4793679
0.341	0.1680337	0.4783728
0.349	0.1718567	0.4773548
0.357	0.1756714	0.476314
0.365	0.1794776	0.4752505
0.373	0.1832753	0.4741643
0.381	0.1870642	0.4730555
0.389	0.1908441	0.4719242
0.397	0.1946149	0.4707703
0.405	0.1983764	0.469594
0.413	0.2021284	0.4683953
0.421	0.2058707	0.4671742
0.429	0.2096031	0.465931
0.437	0.2133255	0.4646655
0.445	0.2170377	0.463378
0.453	0.2207395	0.4620684
0.461	0.2244307	0.4607368
0.469	0.2281112	0.4593833
0.477	0.2317808	0.4580079
0.485	0.2354393	0.4566108
0.493	0.2390865	0.4551921
0.501	0.2427223	0.4537517
0.509	0.2463465	0.4522897
0.517	0.2499589	0.4508063
0.525	0.2535593	0.4493016
0.533	0.2571476	0.4477755
0.541	0.2607237	0.4462282
0.549	0.2642872	0.4446598
0.557	0.2678382	0.4430703
0.565	0.2713763	0.4414599
0.573	0.2749015	0.4398286
0.581	0.2784135	0.4381765
0.589	0.2819122	0.4365037
0.597	0.2853975	0.4348102
0.605	0.2888692	0.4330963
0.613	0.292327	0.4313619
0.621	0.2957709	0.4296071
0.629	0.2992007	0.4278321
0.637	0.3026162	0.426037
0.645	0.3060172	0.4242218
0.653	0.3094036	0.4223866
0.661	0.3127753	0.4205315
0.669	0.3161321	0.4186567
0.677	0.3194738	0.4167622
0.685	0.3228002	0.4148482
0.693	0.3261113	0.4129147
0.701	0.3294068	0.4109618
0.709	0.3326866	0.4089897
0.717	0.3359506	0.4069984
0.725	0.3391986	0.404988
0.733	0.3424304	0.4029588
0.741	0.3456459	0.4009106
0.749	0.3488449	0.3988438
0.757	0.3520273	0.3967583
0.765	0.355193	0.3946544
0.773	0.3583417	0.392532
0.781	0.3614734	0.3903914
0.789	0.3645879	0.3882326
0.797	0.3676851	0.3860557
0.805	0.3707648	0.383861
0.813	0.3738268	0.3816483
0.821	0.3768711	0.379418
0.829	0.3798975	0.3771701
0.837	0.3829058	0.3749048
0.845	0.3858959	0.3726221
0.853	0.3888677	0.3703221
0.861	0.391821	0.3680051
0.869	0.3947557	0.3656711
0.877	0.3976717	0.3633202
0.885	0.4005688	0.3609526
0.893	0.4034469	0.3585684
0.901	0.4063059	0.3561678
0.909	0.4091455	0.3537507
0.917	0.4119658	0.3513175
0.925	0.4147666	0.3488681
0.933	0.4175477	0.3464028
0.941	0.420309	0.3439217
0.949	0.4230504	0.3414248
0.957	0.4257717	0.3389124
0.965	0.4284729	0.3363846
0.973	0.4311539	0.3338414
0.981	0.4338144	0.3312831
0.989	0.4364543	0.3287098
0.997	0.4390737	0.3261215
1.005	0.4416723	0.3235185
1.013	0.4442499	0.3209009
1.021	0.4468066	0.3182688
1.029	0.4493422	0.3156223
1.037	0.4518565	0.3129616
1.045	0.4543496	0.3102869
1.053	0.4568211	0.3075983
1.061	0.4592711	0.3048959
1.069	0.4616994	0.3021798
1.077	0.4641059	0.2994502
1.085	0.4664906	0.2967073
1.093	0.4688532	0.2939512
1.101	0.4711938	0.2911821
1.109	0.4735121	0.2884
1.117	0.4758081	0.2856052
1.125	0.4780817	0.2827977
1.133	0.4803328	0.2799778
1.141	0.4825613	0.2771456
1.149	0.4847671	0.2743011
1.157	0.4869501	0.2714447
1.165	0.4891102	0.2685764
1.173	0.4912473	0.2656964
1.181	0.4933613	0.2628048
1.189	0.4954522	0.2599018
1.197	0.4975197	0.2569876
1.205	0.4995639	0.2540622
1.213	0.5015847	0.2511259
1.221	0.5035819	0.2481788
1.229	0.5055555	0.2452211
1.237	0.5075054	0.2422528
1.245	0.5094316	0.2392743
1.253	0.5113338	0.2362855
1.261	0.5132121	0.2332868
1.269	0.5150664	0.2302782
1.277	0.5168965	0.2272599
1.285	0.5187025	0.224232
1.293	0.5204842	0.2211948
1.301	0.5222416	0.2181483
1.309	0.5239746	0.2150928
1.317	0.525683	0.2120284
1.325	0.527367	0.2089553
1.333	0.5290263	0.2058736
1.341	0.5306609	0.2027834
1.349	0.5322708	0.1996851
1.357	0.5338559	0.1965786
1.365	0.5354161	0.1934642
1.373	0.5369513	0.190342
1.381	0.5384615	0.1872123
1.389	0.5399467	0.1840751
1.397	0.5414067	0.1809306
1.405	0.5428415	0.1777791
1.413	0.5442511	0.1746206
1.421	0.5456354	0.1714553
1.429	0.5469944	0.1682834
1.437	0.548328	0.1651051
1.445	0.5496361	0.1619205
1.453	0.5509187	0.1587298
1.461	0.5521757	0.1555332
1.469	0.5534072	0.1523307
1.477	0.554613	0.1491227
1.485	0.5557931	0.1459093
1.493	0.5569475	0.1426906
1.501	0.5580762	0.1394667
1.509	0.559179	0.136238
1.517	0.560256	0.1330045
1.525	0.5613071	0.1297664
1.533	0.5623322	0.1265239
1.541	0.5633314	0.1232771
1.549	0.5643046	0.1200262
1.557	0.5652518	0.1167715
1.565	0.566173	0.113513
1.573	0.567068	0.1102509
1.581	0.567937	0.1069854
1.589	0.5687798	0.1037167
1.597	0.5695964	0.1004449
1.605	0.5703869	0.09717021
1.613	0.5711512	0.09389281
1.621	0.5718892	0.09061287
1.629	0.572601	0.08733055
1.637	0.5732865	0.08404602
1.645	0.5739457	0.08075946
1.653	0.5745786	0.07747104
1.661	0.5751852	0.07418092
1.669	0.5757655	0.07088927
1.677	0.5763194	0.06759628
1.685	0.576847	0.06430211
1.693	0.5773483	0.06100693
1.701	0.5778231	0.05771092
1.709	0.5782717	0.05441424
1.717	0.5786938	0.05111706
1.725	0.5790895	0.04781957
1.733	0.5794589	0.04452192
1.741	0.5798019	0.0412243
1.749	0.5801185	0.03792686
1.757	0.5804087	0.03462979
1.765	0.5806726	0.03133325
1.773	0.58091	0.02803742
1.781	0.5811212	0.02474246
1.789	0.5813059	0.02144855
1.797	0.5814643	0.01815585
1.805	0.5815964	0.01486454
1.813	0.5817022	0.01157479
1.821	0.5817816	0.00828677
1.829	0.5818348	0.005000647
1.837	0.5818616	0.001716591
1.845	0.5818622	-0.001565227
1.853	0.5818366	-0.004844637
1.861	0.5817847	-0.00812147
1.869	0.5817067	-0.01139556
1.877	0.5816024	-0.01466673
1.885	0.581472	-0.01793482
1.893	0.5813155	-0.02119965
1.901	0.5811328	-0.02446107
1.909	0.5809241	-0.02771889
1.917	0.5806893	-0.03097296
1.925	0.5804285	-0.03422311
1.933	0.5801418	-0.03746916
1.941	0.579829	-0.04071096
1.949	0.5794904	-0.04394832
1.957	0.5791259	-0.0471811
1.965	0.5787355	-0.05040912
1.973	0.5783193	-0.05363222
1.981	0.5778774	-0.05685022
1.989	0.5774098	-0.06006297
1.997	0.5769164	-0.06327031
2.005	0.5763974	-0.06647205
2.013	0.5758529	-0.06966806
2.021	0.5752828	-0.07285814
2.029	0.5746872	-0.07604216
2.037	0.5740661	-0.07921994
2.045	0.5734197	-0.08239131
2.053	0.5727479	-0.08555612
2.061	0.5720508	-0.08871421
2.069	0.5713285	-0.09186542
2.077	0.570581	-0.09500957
2.085	0.5698083	-0.09814652
2.093	0.5690106	-0.1012761
2.101	0.5681879	-0.1043982
2.109	0.5673403	-0.1075125
2.117	0.5664678	-0.1106191
2.125	0.5655704	-0.1137176
2.133	0.5646483	-0.1168079
2.141	0.5637015	-0.11989
2.149	0.5627301	-0.1229636
2.157	0.5617341	-0.1260285
2.165	0.5607136	-0.1290847
2.173	0.5596688	-0.1321319
2.181	0.5585996	-0.13517
2.189	0.5575061	-0.1381989
2.197	0.5563884	-0.1412184
2.205	0.5552466	-0.1442283
2.213	0.5540808	-0.1472285
2.221	0.552891	-0.1502188
2.229	0.5516773	-0.1531992
2.237	0.5504398	-0.1561694
2.245	0.5491786	-0.1591292
2.253	0.5478938	-0.1620787
2.261	0.5465854	-0.1650175
2.269	0.5452535	-0.1679455
2.277	0.5438983	-0.1708627
2.285	0.5425198	-0.1737688
2.293	0.541118	-0.1766637
2.301	0.5396932	-0.1795472
2.309	0.5382453	-0.1824193
2.317	0.5367745	-0.1852797
2.325	0.5352808	-0.1881284
2.333	0.5337645	-0.1909652
2.341	0.5322254	-0.1937899
2.349	0.5306639	-0.1966024
2.357	0.5290798	-0.1994025
2.365	0.5274735	-0.2021902
2.373	0.5258448	-0.2049653
2.381	0.524194	-0.2077276
2.389	0.5225212	-0.210477
2.397	0.5208264	-0.2132134
2.405	0.5191098	-0.2159366
2.413	0.5173715	-0.2186466
2.421	0.5156115	-0.2213431
2.429	0.51383	-0.224026
2.437	0.5120271	-0.2266952
2.445	0.510203	-0.2293506
2.453	0.5083576	-0.231992
2.461	0.5064911	-0.2346193
2.469	0.5046037	-0.2372324
2.477	0.5026954	-0.2398311
2.485	0.5007664	-0.2424154
2.493	0.4988168	-0.2449851
2.501	0.4968467	-0.24754
2.509	0.4948562	-0.25008
2.517	0.4928455	-0.2526051
2.525	0.4908146	-0.2551151
2.533	0.4887637	-0.2576098
2.541	0.4866929	-0.2600892
2.549	0.4846023	-0.2625531
2.557	0.4824921	-0.2650014
2.565	0.4803623	-0.267434
2.573	0.4782132	-0.2698507
2.581	0.4760447	-0.2722516
2.589	0.4738572	-0.2746363
2.597	0.4716506	-0.2770049
2.605	0.4694251	-0.2793572
2.613	0.4671809	-0.281693
2.621	0.4649181	-0.2840124
2.629	0.4626368	-0.2863151
2.637	0.4603371	-0.288601
2.645	0.4580192	-0.2908702
2.653	0.4556832	-0.2931223
2.661	0.4533293	-0.2953574
2.669	0.4509576	-0.2975753
2.677	0.4485681	-0.2997759
2.685	0.4461612	-0.3019591
2.693	0.4437368	-0.3041249
2.701	0.4412952	-0.306273
2.709	0.4388365	-0.3084034
2.717	0.4363608	-0.3105161
2.725	0.4338683	-0.3126108
2.733	0.4313591	-0.3146876
2.741	0.4288334	-0.3167462
2.749	0.4262912	-0.3187867
2.757	0.4237328	-0.3208088
2.765	0.4211583	-0.3228126
2.773	0.4185679	-0.324798
2.781	0.4159616	-0.3267647
2.789	0.4133397	-0.3287128
2.797	0.4107023	-0.3306421
2.805	0.4080495	-0.3325526
2.813	0.4053815	-0.3344442
2.821	0.4026984	-0.3363167
2.829	0.4000004	-0.3381702
2.837	0.3972877	-0.3400044
2.845	0.3945604	-0.3418194
2.853	0.3918187	-0.3436151
2.861	0.3890626	-0.3453913
2.869	0.3862925	-0.3471479
2.877	0.3835083	-0.348885
2.885	0.3807104	-0.3506024
2.893	0.3778987	-0.3523001
2.901	0.3750736	-0.3539779
2.909	0.3722351	-0.3556359
2.917	0.3693835	-0.3572738
2.925	0.3665188	-0.3588917
2.933	0.3636413	-0.3604895
2.941	0.360751	-0.3620671
2.949	0.3578483	-0.3636244
2.957	0.3549331	-0.3651614
2.965	0.3520057	-0.366678
2.973	0.3490663	-0.3681741
2.981	0.346115	-0.3696497
2.989	0.343152	-0.3711047
2.997	0.3401774	-0.3725391
3.005	0.3371914	-0.3739527
3.013	0.3341942	-0.3753456
3.021	0.3311859	-0.3767176
3.029	0.3281668	-0.3780687
3.037	0.3251369	-0.3793989
3.045	0.3220964	-0.380708
3.053	0.3190456	-0.3819961
3.061	0.3159846	-0.3832631
3.069	0.3129135	-0.384509
3.077	0.3098325	-0.3857336
3.085	0.3067418	-0.3869369
3.093	0.3036415	-0.3881189
3.101	0.3005319	-0.3892796
3.109	0.2974131	-0.3904188
3.117	0.2942853	-0.3915366
3.125	0.2911486	-0.392633
3.133	0.2880032	-0.3937077
3.141	0.2848493	-0.3947609
3.149	0.2816871	-0.3957925
3.157	0.2785167	-0.3968024
3.165	0.2753383	-0.3977906
3.173	0.2721521	-0.398757
3.181	0.2689583	-0.3997017
3.189	0.2657569	-0.4006246
3.197	0.2625483	-0.4015257
3.205	0.2593326	-0.4024049
3.213	0.2561099	-0.4032622
3.221	0.2528805	-0.4040975
3.229	0.2496444	-0.4049109
3.237	0.2464019	-0.4057024
3.245	0.2431532	-0.4064718
3.253	0.2398984	-0.4072192
3.261	0.2366378	-0.4079445
3.269	0.2333714	-0.4086477
3.277	0.2300995	-0.4093289
3.285	0.2268222	-0.4099879
3.293	0.2235397	-0.4106249
3.301	0.2202523	-0.4112396
3.309	0.2169599	-0.4118322
3.317	0.213663	-0.4124026
3.325	0.2103616	-0.4129508
3.333	0.2070558	-0.4134768
3.341	0.203746	-0.4139806
3.349	0.2004322	-0.4144621
3.357	0.1971147	-0.4149215
3.365	0.1937935	-0.4153585
3.373	0.190469	-0.4157734
3.381	0.1871412	-0.4161659
3.389	0.1838104	-0.4165362
3.397	0.1804767	-0.4168843
3.405	0.1771403	-0.4172101
3.413	0.1738014	-0.4175136
3.421	0.1704601	-0.4177949
3.429	0.1671167	-0.4180539
3.437	0.1637713	-0.4182907
3.445	0.1604241	-0.4185052
3.453	0.1570753	-0.4186975
3.461	0.153725	-0.4188675
3.469	0.1503735	-0.4190154
3.477	0.1470209	-0.419141
3.485	0.1436673	-0.4192444
3.493	0.140313	-0.4193256
3.501	0.1369581	-0.4193846
3.509	0.1336029	-0.4194215
3.517	0.1302475	-0.4194362
3.525	0.126892	-0.4194288
3.533	0.1235367	-0.4193993
3.541	0.1201817	-0.4193477
3.549	0.1168272	-0.4192741
3.557	0.1134733	-0.4191783
3.565	0.1101204	-0.4190606
3.573	0.1067684	-0.4189209
3.581	0.1034177	-0.4187592
3.589	0.1000683	-0.4185755
3.597	0.09672053	-0.4183699
3.605	0.09337447	-0.4181425
3.613	0.09003031	-0.4178931
3.621	0.08668824	-0.417622
3.629	0.08334842	-0.417329
3.637	0.08001103	-0.4170143
3.645	0.07667625	-0.4166779
3.653	0.07334424	-0.4163198
3.661	0.07001519	-0.41594
3.669	0.06668926	-0.4155386
3.677	0.06336663	-0.4151157
3.685	0.06004747	-0.4146712
3.693	0.05673195	-0.4142052
3.701	0.05342024	-0.4137178
3.709	0.05011252	-0.413209
3.717	0.04680895	-0.4126788
3.725	0.04350971	-0.4121274
3.733	0.04021497	-0.4115546
3.741	0.03692489	-0.4109607
3.749	0.03363966	-0.4103456
3.757	0.03035942	-0.4097094
3.765	0.02708436	-0.4090521
3.773	0.02381464	-0.4083738
3.781	0.02055044	-0.4076746
3.789	0.01729191	-0.4069545
3.797	0.01403922	-0.4062136
3.805	0.01079254	-0.4054519
3.813	0.007552045	-0.4046694
3.821	0.004317888	-0.4038663
3.829	0.001090239	-0.4030427
3.837	-0.002130739	-0.4021984
3.845	-0.005344882	-0.4013338
3.853	-0.008552025	-0.4004487
3.861	-0.01175201	-0.3995433
3.869	-0.01494466	-0.3986176
3.877	-0.01812983	-0.3976717
3.885	-0.02130736	-0.3967057
3.893	-0.02447707	-0.3957196
3.901	-0.02763882	-0.3947135
3.909	-0.03079243	-0.3936875
3.917	-0.03393776	-0.3926417
3.925	-0.03707465	-0.3915761
3.933	-0.04020293	-0.3904908
3.941	-0.04332245	-0.3893859
3.949	-0.04643305	-0.3882614
3.957	-0.04953458	-0.3871175
3.965	-0.05262688	-0.3859542
3.973	-0.0557098	-0.3847716
3.981	-0.05878317	-0.3835698
3.989	-0.06184686	-0.3823489
3.997	-0.06490071	-0.3811089
4.005	-0.06794455	-0.3798499
4.013	-0.07097825	-0.3785721
4.021	-0.07400166	-0.3772754
4.029	-0.07701461	-0.3759601
4.037	-0.08001697	-0.3746261
4.045	-0.08300858	-0.3732736
4.053	-0.0859893	-0.3719027
4.061	-0.08895897	-0.3705134
4.069	-0.09191746	-0.3691059
4.077	-0.09486462	-0.3676802
4.085	-0.0978003	-0.3662365
4.093	-0.1007244	-0.3647747
4.101	-0.1036366	-0.3632952
4.109	-0.106537	-0.3617978
4.117	-0.1094254	-0.3602828
4.125	-0.1123015	-0.3587501
4.133	-0.1151653	-0.3572
4.141	-0.1180167	-0.3556326
4.149	-0.1208554	-0.3540478
4.157	-0.1236814	-0.3524459
4.165	-0.1264945	-0.3508269
4.173	-0.1292946	-0.349191
4.181	-0.1320815	-0.3475382
4.189	-0.1348551	-0.3458687
4.197	-0.1376153	-0.3441825
4.205	-0.140362	-0.3424797
4.213	-0.143095	-0.3407606
4.221	-0.1458141	-0.3390251
4.229	-0.1485193	-0.3372734
4.237	-0.1512105	-0.3355057
4.245	-0.1538874	-0.3337219
4.253	-0.15655	-0.3319223
4.261	-0.1591981	-0.3301069
4.269	-0.1618316	-0.3282759
4.277	-0.1644505	-0.3264294
4.285	-0.1670545	-0.3245674
4.293	-0.1696435	-0.3226902
4.301	-0.1722175	-0.3207978
4.309	-0.1747762	-0.3188903
4.317	-0.1773197	-0.3169679
4.325	-0.1798477	-0.3150307
4.333	-0.1823601	-0.3130788
4.341	-0.1848569	-0.3111123
4.349	-0.1873379	-0.3091314
4.357	-0.189803	-0.3071362
4.365	-0.192252	-0.3051267
4.373	-0.194685	-0.3031032
4.381	-0.1971016	-0.3010657
4.389	-0.199502	-0.2990143
4.397	-0.2018858	-0.2969493
4.405	-0.2042531	-0.2948707
4.413	-0.2066037	-0.2927787
4.421	-0.2089376	-0.2906734
4.429	-0.2112545	-0.2885548
4.437	-0.2135544	-0.2864232
4.445	-0.2158372	-0.2842787
4.453	-0.2181028	-0.2821214
4.461	-0.2203511	-0.2799514
4.469	-0.222582	-0.2777689
4.477	-0.2247954	-0.275574
4.485	-0.2269912	-0.2733668
4.493	-0.2291692	-0.2711475
4.501	-0.2313295	-0.2689162
4.509	-0.2334719	-0.266673
4.517	-0.2355962	-0.2644181
4.525	-0.2377025	-0.2621517
4.533	-0.2397906	-0.2598737
4.541	-0.2418605	-0.2575845
4.549	-0.2439119	-0.2552841
4.557	-0.245945	-0.2529727
4.565	-0.2479595	-0.2506503
4.573	-0.2499554	-0.2483172
4.581	-0.2519325	-0.2459735
4.589	-0.2538909	-0.2436193
4.597	-0.2558304	-0.2412548
4.605	-0.257751	-0.2388801
4.613	-0.2596525	-0.2364953
4.621	-0.2615349	-0.2341006
4.629	-0.263398	-0.2316962
4.637	-0.265242	-0.2292821
4.645	-0.2670665	-0.2268586
4.653	-0.2688717	-0.2244258
4.661	-0.2706573	-0.2219837
4.669	-0.2724234	-0.2195326
4.677	-0.2741698	-0.2170726
4.685	-0.2758965	-0.2146039
4.693	-0.2776035	-0.2121265
4.701	-0.2792905	-0.2096407
4.709	-0.2809577	-0.2071466
4.717	-0.2826049	-0.2046443
4.725	-0.284232	-0.2021341
4.733	-0.285839	-0.1996159
4.741	-0.2874258	-0.19709
4.749	-0.2889924	-0.1945566
4.757	-0.2905387	-0.1920157
4.765	-0.2920646	-0.1894676
4.773	-0.2935702	-0.1869124
4.781	-0.2950552	-0.1843502
4.789	-0.2965197	-0.1817811
4.797	-0.2979637	-0.1792054
4.805	-0.299387	-0.1766232
4.813	-0.3007896	-0.1740346
4.821	-0.3021715	-0.1714398
4.829	-0.3035327	-0.168839
4.837	-0.304873	-0.1662322
4.845	-0.3061924	-0.1636197
4.853	-0.3074909	-0.1610016
4.861	-0.3087684	-0.158378
4.869	-0.3100249	-0.1557491
4.877	-0.3112604	-0.1531151
4.885	-0.3124747	-0.150476
4.893	-0.313668	-0.1478322
4.901	-0.31484	-0.1451836
4.909	-0.3159909	-0.1425305
4.917	-0.3171205	-0.1398731
4.925	-0.3182288	-0.1372114
4.933	-0.3193159	-0.1345456
4.941	-0.3203816	-0.1318759
4.949	-0.3214259	-0.1292025
4.957	-0.3224488	-0.1265254
4.965	-0.3234503	-0.1238449
4.973	-0.3244303	-0.1211611
4.981	-0.3253888	-0.1184742
4.989	-0.3263259	-0.1157842
4.997	-0.3272414	-0.1130914
5.005	-0.3281353	-0.110396
5.013	-0.3290077	-0.107698
5.021	-0.3298585	-0.1049976
5.029	-0.3306877	-0.1022951
5.037	-0.3314952	-0.09959044
5.045	-0.3322811	-0.0968839
5.053	-0.3330453	-0.09417561
5.061	-0.3337879	-0.09146573
5.069	-0.3345088	-0.0887544
5.077	-0.335208	-0.08604179
5.085	-0.3358855	-0.08332804
5.093	-0.3365412	-0.08061332
5.101	-0.3371753	-0.07789777
5.109	-0.3377876	-0.07518156
5.117	-0.3383782	-0.07246483
5.125	-0.338947	-0.06974775
5.133	-0.3394941	-0.06703046
5.141	-0.3400195	-0.06431312
5.149	-0.3405231	-0.06159588
5.157	-0.341005	-0.0588789
5.165	-0.3414652	-0.05616233
5.173	-0.3419036	-0.05344633
5.181	-0.3423204	-0.05073104
5.189	-0.3427153	-0.04801663
5.197	-0.3430886	-0.04530324
5.205	-0.3434402	-0.04259103
5.213	-0.3437701	-0.03988015
5.221	-0.3440783	-0.03717076
5.229	-0.3443648	-0.034463
5.237	-0.3446297	-0.03175703
5.245	-0.3448729	-0.02905301
5.253	-0.3450946	-0.02635107
5.261	-0.3452946	-0.02365138
5.269	-0.345473	-0.02095408
5.277	-0.3456298	-0.01825934
5.285	-0.3457651	-0.01556728
5.293	-0.3458789	-0.01287808
5.301	-0.3459712	-0.01019188
5.309	-0.346042	-0.00750882
5.317	-0.3460913	-0.004829061
5.325	-0.3461193	-0.002152751
5.333	-0.3461258	0.0005199637
5.341	-0.346111	0.003188933
5.349	-0.3460748	0.005854008
5.357	-0.3460173	0.008515041
5.365	-0.3459386	0.01117188
5.373	-0.3458386	0.01382439
5.381	-0.3457174	0.01647241
5.389	-0.345575	0.0191158
5.397	-0.3454115	0.02175442
5.405	-0.345227	0.02438811
5.413	-0.3450213	0.02701673
5.421	-0.3447947	0.02964014
5.429	-0.3445471	0.03225819
5.437	-0.3442786	0.03487074
5.445	-0.3439892	0.03747764
5.453	-0.343679	0.04007875
5.461	-0.343348	0.04267393
5.469	-0.3429962	0.04526304
5.477	-0.3426238	0.04784592
5.485	-0.3422307	0.05042245
5.493	-0.341817	0.05299248
5.501	-0.3413828	0.05555586
5.509	-0.3409281	0.05811247
5.517	-0.340453	0.06066215
5.525	-0.3399576	0.06320477
5.533	-0.3394418	0.0657402
5.541	-0.3389057	0.06826829
5.549	-0.3383495	0.0707889
5.557	-0.3377731	0.07330191
5.565	-0.3371767	0.07580716
5.573	-0.3365602	0.07830454
5.581	-0.3359238	0.08079389
5.589	-0.3352676	0.08327509
5.597	-0.3345915	0.085748
5.605	-0.3338956	0.08821249
5.613	-0.3331801	0.09066842
5.621	-0.3324449	0.09311567
5.629	-0.3316903	0.0955541
5.637	-0.3309161	0.09798358
5.645	-0.3301226	0.100404
5.653	-0.3293097	0.1028152
5.661	-0.3284775	0.105217
5.669	-0.3276262	0.1076094
5.677	-0.3267558	0.1099922
5.685	-0.3258664	0.1123652
5.693	-0.324958	0.1147284
5.701	-0.3240307	0.1170816
5.709	-0.3230847	0.1194247
5.717	-0.32212	0.1217576
5.725	-0.3211366	0.1240802
5.733	-0.3201347	0.1263922
5.741	-0.3191144	0.1286937
5.749	-0.3180757	0.1309844
5.757	-0.3170186	0.1332644
5.765	-0.3159435	0.1355333
5.773	-0.3148501	0.1377912
5.781	-0.3137388	0.1400378
5.789	-0.3126096	0.1422731
5.797	-0.3114625	0.1444971
5.805	-0.3102976	0.1467094
5.813	-0.3091152	0.1489101
5.821	-0.3079151	0.151099
5.829	-0.3066976	0.153276
5.837	-0.3054627	0.1554409
5.845	-0.3042106	0.1575938
5.853	-0.3029413	0.1597344
5.861	-0.3016549	0.1618627
5.869	-0.3003515	0.1639785
5.877	-0.2990312	0.1660817
5.885	-0.2976942	0.1681723
5.893	-0.2963405	0.17025
5.901	-0.2949703	0.1723149
5.909	-0.2935835	0.1743668
5.917	-0.2921804	0.1764055
5.925	-0.2907611	0.1784311
5.933	-0.2893256	0.1804433
5.941	-0.287874	0.1824421
5.949	-0.2864065	0.1844274
5.957	-0.2849232	0.1863991
5.965	-0.2834242	0.188357
5.973	-0.2819095	0.1903012
5.981	-0.2803794	0.1922314
5.989	-0.2788339	0.1941476
5.997	-0.2772731	0.1960496
6.005	-0.2756971	0.1979375
6.013	-0.2741061	0.199811
6.021	-0.2725002	0.2016702
6.029	-0.2708794	0.2035148
6.037	-0.269244	0.2053449
6.045	-0.2675939	0.2071603
6.053	-0.2659295	0.2089609
6.061	-0.2642506	0.2107466
6.069	-0.2625575	0.2125174
6.077	-0.2608504	0.2142732
6.085	-0.2591292	0.2160138
6.093	-0.2573942	0.2177393
6.101	-0.2556454	0.2194494
6.109	-0.253883	0.2211442
6.117	-0.2521072	0.2228235
6.125	-0.2503179	0.2244872
6.133	-0.2485154	0.2261353
6.141	-0.2466998	0.2277678
6.149	-0.2448712	0.2293844
6.157	-0.2430297	0.2309852
6.165	-0.2411754	0.23257
6.173	-0.2393086	0.2341389
6.181	-0.2374293	0.2356916
6.189	-0.2355376	0.2372282
6.197	-0.2336337	0.2387485
6.205	-0.2317176	0.2402525
6.213	-0.2297897	0.2417401
6.221	-0.2278498	0.2432113
6.229	-0.2258983	0.244666
6.237	-0.2239352	0.2461041
6.245	-0.2219607	0.2475255
6.253	-0.2199749	0.2489302
6.261	-0.2179779	0.2503181
6.269	-0.2159698	0.2516892
6.277	-0.2139509	0.2530433
6.285	-0.2119212	0.2543805
6.293	-0.2098808	0.2557006
6.301	-0.20783	0.2570036
6.309	-0.2057688	0.2582895
6.317	-0.2036974	0.2595582
6.325	-0.2016159	0.2608095
6.333	-0.1995245	0.2620436
6.341	-0.1974233	0.2632603
6.349	-0.1953124	0.2644595
6.357	-0.193192	0.2656413
6.365	-0.1910622	0.2668055
6.373	-0.1889232	0.2679521
6.381	-0.186775	0.2690811
6.389	-0.1846179	0.2701924
6.397	-0.182452	0.271286
6.405	-0.1802774	0.2723617
6.413	-0.1780942	0.2734197
6.421	-0.1759027	0.2744598
6.429	-0.1737029	0.275482
6.437	-0.171495	0.2764862
6.445	-0.1692792	0.2774724
6.453	-0.1670555	0.2784406
6.461	-0.1648242	0.2793907
6.469	-0.1625853	0.2803227
6.477	-0.1603391	0.2812366
6.485	-0.1580856	0.2821322
6.493	-0.155825	0.2830097
6.501	-0.1535575	0.2838689
6.509	-0.1512832	0.2847098
6.517	-0.1490022	0.2855324
6.525	-0.1467147	0.2863367
6.533	-0.1444208	0.2871226
6.541	-0.1421208	0.2878901
6.549	-0.1398146	0.2886392
6.557	-0.1375026	0.2893698
6.565	-0.1351848	0.2900819
6.573	-0.1328613	0.2907756
6.581	-0.1305324	0.2914507
6.589	-0.1281982	0.2921073
6.597	-0.1258588	0.2927453
6.605	-0.1235143	0.2933647
6.613	-0.121165	0.2939656
6.621	-0.1188109	0.2945478
6.629	-0.1164523	0.2951114
6.637	-0.1140892	0.2956563
6.645	-0.1117218	0.2961826
6.653	-0.1093503	0.2966902
6.661	-0.1069748	0.2971792
6.669	-0.1045955	0.2976494
6.677	-0.1022125	0.298101
6.685	-0.09982592	0.2985338
6.693	-0.09743598	0.2989479
6.701	-0.0950428	0.2993433
6.709	-0.09264653	0.29972
6.717	-0.09024733	0.3000779
6.725	-0.08784534	0.3004171
6.733	-0.0854407	0.3007376
6.741	-0.08303358	0.3010394
6.749	-0.08062412	0.3013224
6.757	-0.07821248	0.3015867
6.765	-0.07579879	0.3018323
6.773	-0.07338321	0.3020591
6.781	-0.07096589	0.3022672
6.789	-0.06854698	0.3024567
6.797	-0.06612664	0.3026274
6.805	-0.063705	0.3027794
6.813	-0.06128221	0.3029128
6.821	-0.05885844	0.3030274
6.829	-0.05643383	0.3031234
6.837	-0.05400852	0.3032008
6.845	-0.05158266	0.3032595
6.853	-0.04915641	0.3032997
6.861	-0.04672992	0.3033212
6.869	-0.04430332	0.3033241
6.877	-0.04187678	0.3033085
6.885	-0.03945044	0.3032743
6.893	-0.03702444	0.3032216
6.901	-0.03459894	0.3031504
6.909	-0.03217408	0.3030607
6.917	-0.02975002	0.3029526
6.925	-0.02732689	0.302826
6.933	-0.02490485	0.302681
6.941	-0.02248404	0.3025177
6.949	-0.02006462	0.302336
6.957	-0.01764672	0.3021359
6.965	-0.01523049	0.3019176
6.973	-0.01281608	0.3016811
6.981	-0.01040364	0.3014262
6.989	-0.007993313	0.3011533
6.997	-0.00558524	0.3008621
7.005	-0.003179568	0.3005528
7.013	-0.0007764427	0.3002255
7.021	0.001623991	0.2998801
7.029	0.00402159	0.2995166
7.037	0.00641621	0.2991352
7.045	0.008807706	0.2987359
7.053	0.01119594	0.2983187
7.061	0.01358076	0.2978836
7.069	0.01596203	0.2974308
7.077	0.0183396	0.2969602
7.085	0.02071334	0.2964718
7.093	0.02308311	0.2959659
7.101	0.02544875	0.2954423
7.109	0.02781013	0.2949011
7.117	0.03016712	0.2943424
7.125	0.03251957	0.2937662
7.133	0.03486733	0.2931727
7.141	0.03721028	0.2925617
7.149	0.03954827	0.2919335
7.157	0.04188117	0.291288
7.165	0.04420884	0.2906253
7.173	0.04653113	0.2899454
7.181	0.04884792	0.2892485
7.189	0.05115906	0.2885346
7.197	0.05346443	0.2878037
7.205	0.05576388	0.2870559
7.213	0.05805728	0.2862912
7.221	0.06034449	0.2855098
7.229	0.06262539	0.2847116
7.237	0.06489983	0.2838968
7.245	0.06716769	0.2830654
7.253	0.06942883	0.2822175
7.261	0.07168313	0.2813531
7.269	0.07393044	0.2804723
7.277	0.07617064	0.2795753
7.285	0.0784036	0.278662
7.293	0.08062919	0.2777325
7.301	0.08284728	0.2767869
7.309	0.08505774	0.2758252
7.317	0.08726044	0.2748476
7.325	0.08945526	0.2738541
7.333	0.09164206	0.2728449
7.341	0.09382073	0.2718198
7.349	0.09599114	0.2707792
7.357	0.09815316	0.2697229
7.365	0.1003067	0.2686512
7.373	0.1024515	0.267564
7.381	0.1045876	0.2664615
7.389	0.1067149	0.2653437
7.397	0.1088331	0.2642108
7.405	0.1109422	0.2630627
7.413	0.1130421	0.2618997
7.421	0.1151326	0.2607217
7.429	0.1172136	0.2595289
7.437	0.119285	0.2583214
7.445	0.1213467	0.2570992
7.453	0.1233985	0.2558624
7.461	0.1254404	0.2546111
7.469	0.1274723	0.2533454
7.477	0.1294939	0.2520654
7.485	0.1315053	0.2507712
7.493	0.1335062	0.2494628
7.501	0.1354967	0.2481405
7.509	0.1374764	0.2468042
7.517	0.1394455	0.245454
7.525	0.1414037	0.2440901
7.533	0.1433509	0.2427125
7.541	0.145287	0.2413214
7.549	0.147212	0.2399168
7.557	0.1491257	0.2384989
7.565	0.1510279	0.2370677
7.573	0.1529187	0.2356233
7.581	0.1547979	0.2341659
7.589	0.1566653	0.2326955
7.597	0.158521	0.2312122
7.605	0.1603647	0.2297161
7.613	0.1621964	0.2282074
7.621	0.164016	0.2266862
7.629	0.1658233	0.2251525
7.637	0.1676184	0.2236064
7.645	0.169401	0.2220481
7.653	0.1711711	0.2204777
7.661	0.1729286	0.2188953
7.669	0.1746734	0.2173009
7.677	0.1764054	0.2156947
7.685	0.1781245	0.2140768
7.693	0.1798306	0.2124473
7.701	0.1815236	0.2108063
7.709	0.1832035	0.2091539
7.717	0.1848701	0.2074903
7.725	0.1865233	0.2058155
7.733	0.1881631	0.2041297
7.741	0.1897893	0.2024329
7.749	0.191402	0.2007254
7.757	0.1930009	0.1990071
7.765	0.1945861	0.1972782
7.773	0.1961573	0.1955389
7.781	0.1977147	0.1937892
7.789	0.1992579	0.1920292
7.797	0.2007871	0.1902592
7.805	0.2023021	0.1884791
7.813	0.2038027	0.1866891
7.821	0.2052891	0.1848894
7.829	0.2067609	0.18308
7.837	0.2082183	0.1812611
7.845	0.2096611	0.1794327
7.853	0.2110892	0.1775951
7.861	0.2125026	0.1757483
7.869	0.2139012	0.1738924
7.877	0.2152848	0.1720276
7.885	0.2166536	0.170154
7.893	0.2180073	0.1682717
7.901	0.2193459	0.1663808
7.909	0.2206694	0.1644815
7.917	0.2219776	0.1625738
7.925	0.2232705	0.160658
7.933	0.2245481	0.1587341
7.941	0.2258102	0.1568022
7.949	0.2270569	0.1548625
7.957	0.228288	0.1529151
7.965	0.2295035	0.1509601
7.973	0.2307034	0.1489977
7.981	0.2318875	0.147028
7.989	0.2330558	0.1450511
7.997	0.2342083	0.1430671
8.005	0.2353448	0.1410761
8.013	0.2364655	0.1390784
8.021	0.2375701	0.1370739
8.029	0.2386586	0.1350629
8.037	0.2397311	0.1330455
8.045	0.2407873	0.1310218
8.053	0.2418274	0.1289919
8.061	0.2428512	0.126956
8.069	0.2438587	0.1249141
8.077	0.2448498	0.1228665
8.085	0.2458245	0.1208133
8.093	0.2467828	0.1187545
8.101	0.2477246	0.1166903
8.109	0.2486498	0.1146208
8.117	0.2495585	0.1125463
8.125	0.2504506	0.1104667
8.133	0.251326	0.1083823
8.141	0.2521847	0.1062931
8.149	0.2530266	0.1041993
8.157	0.2538518	0.1021011
8.165	0.2546602	0.09999852
8.173	0.2554518	0.09789174
8.181	0.2562265	0.09578089
8.189	0.2569843	0.09366609
8.197	0.2577251	0.09154749
8.205	0.258449	0.08942521
8.213	0.2591559	0.08729939
8.221	0.2598458	0.08517016
8.229	0.2605187	0.08303766
8.237	0.2611744	0.08090201
8.245	0.2618131	0.07876335
8.253	0.2624346	0.07662182
8.261	0.263039	0.07447754
8.269	0.2636263	0.07233066
8.277	0.2641963	0.0701813
8.285	0.2647492	0.0680296
8.293	0.2652848	0.06587569
8.301	0.2658032	0.06371971
8.309	0.2663043	0.06156179
8.317	0.2667881	0.05940206
8.325	0.2672547	0.05724066
8.333	0.267704	0.05507771
8.341	0.268136	0.05291337
8.349	0.2685506	0.05074775
8.357	0.2689479	0.04858099
8.365	0.2693279	0.04641323
8.373	0.2696905	0.0442446
8.381	0.2700358	0.04207523
8.389	0.2703637	0.03990526
8.397	0.2706743	0.03773481
8.405	0.2709675	0.03556403
8.413	0.2712433	0.03339305
8.421	0.2715018	0.03122199
8.429	0.2717429	0.029051
8.437	0.2719666	0.0268802
8.445	0.2721729	0.02470973
8.453	0.2723619	0.02253972
8.461	0.2725336	0.02037031
8.469	0.2726879	0.01820162
8.477	0.2728248	0.01603379
8.485	0.2729444	0.01386695
8.493	0.2730467	0.01170123
8.501	0.2731316	0.009536771
8.509	0.2731993	0.007373694
8.517	0.2732496	0.005212134
8.525	0.2732827	0.003052223
8.533	0.2732985	0.0008940917
8.541	0.273297	-0.001262129
8.549	0.2732783	-0.003416309
8.557	0.2732423	-0.005568318
8.565	0.2731892	-0.007718025
8.573	0.2731188	-0.0098653
8.581	0.2730313	-0.01201001
8.589	0.2729267	-0.01415204
8.597	0.2728049	-0.01629124
8.605	0.272666	-0.0184275
8.613	0.2725101	-0.02056067
8.621	0.2723371	-0.02269064
8.629	0.272147	-0.02481728
8.637	0.27194	-0.02694046
8.645	0.271716	-0.02906005
8.653	0.2714751	-0.03117592
8.661	0.2712172	-0.03328795
8.669	0.2709425	-0.03539601
8.677	0.2706509	-0.03749997
8.685	0.2703425	-0.03959971
8.693	0.2700173	-0.04169511
8.701	0.2696754	-0.04378604
8.709	0.2693167	-0.04587237
8.717	0.2689414	-0.04795397
8.725	0.2685495	-0.05003074
8.733	0.2681409	-0.05210253
8.741	0.2677159	-0.05416924
8.749	0.2672743	-0.05623073
8.757	0.2668162	-0.05828688
8.765	0.2663417	-0.06033758
8.773	0.2658508	-0.0623827
8.781	0.2653436	-0.06442212
8.789	0.2648201	-0.06645571
8.797	0.2642803	-0.06848336
8.805	0.2637243	-0.07050496
8.813	0.2631522	-0.07252037
8.821	0.262564	-0.07452948
8.829	0.2619598	-0.07653218
8.837	0.2613395	-0.07852834
8.845	0.2607033	-0.08051785
8.853	0.2600513	-0.08250058
8.861	0.2593833	-0.08447644
8.869	0.2586997	-0.08644529
8.877	0.2580002	-0.08840702
8.885	0.2572852	-0.09036152
8.893	0.2565545	-0.09230868
8.901	0.2558082	-0.09424837
8.909	0.2550465	-0.09618049
8.917	0.2542694	-0.09810493
8.925	0.2534769	-0.1000216
8.933	0.2526691	-0.1019303
8.941	0.251846	-0.103831
8.949	0.2510078	-0.1057236
8.957	0.2501544	-0.1076079
8.965	0.2492861	-0.1094839
8.973	0.2484027	-0.1113514
8.981	0.2475045	-0.1132104
8.989	0.2465914	-0.1150607
8.997	0.2456635	-0.1169022
9.005	0.244721	-0.1187348
9.013	0.2437638	-0.1205584
9.021	0.2427921	-0.122373
9.029	0.2418059	-0.1241783
9.037	0.2408052	-0.1259743
9.045	0.2397903	-0.1277609
9.053	0.2387611	-0.129538
9.061	0.2377177	-0.1313055
9.069	0.2366602	-0.1330633
9.077	0.2355887	-0.1348113
9.085	0.2345033	-0.1365493
9.093	0.233404	-0.1382773
9.101	0.2322909	-0.1399953
9.109	0.2311641	-0.141703
9.117	0.2300236	-0.1434004
9.125	0.2288697	-0.1450874
9.133	0.2277023	-0.1467639
9.141	0.2265215	-0.1484298
9.149	0.2253274	-0.150085
9.157	0.2241202	-0.1517295
9.165	0.2228998	-0.153363
9.173	0.2216664	-0.1549856
9.181	0.22042	-0.1565972
9.189	0.2191609	-0.1581976
9.197	0.2178889	-0.1597867
9.205	0.2166043	-0.1613646
9.213	0.2153071	-0.162931
9.221	0.2139974	-0.1644859
9.229	0.2126754	-0.1660292
9.237	0.211341	-0.1675609
9.245	0.2099944	-0.1690808
9.253	0.2086357	-0.1705888
9.261	0.207265	-0.172085
9.269	0.2058824	-0.1735691
9.277	0.204488	-0.1750411
9.285	0.2030818	-0.1765009
9.293	0.201664	-0.1779485
9.301	0.2002346	-0.1793838
9.309	0.1987939	-0.1808067
9.317	0.1973418	-0.182217
9.325	0.1958784	-0.1836148
9.333	0.194404	-0.185
9.341	0.1929185	-0.1863724
9.349	0.191422	-0.187732
9.357	0.1899148	-0.1890788
9.365	0.1883968	-0.1904126
9.373	0.1868682	-0.1917334
9.381	0.1853291	-0.1930411
9.389	0.1837796	-0.1943357
9.397	0.1822198	-0.1956171
9.405	0.1806498	-0.1968851
9.413	0.1790696	-0.1981398
9.421	0.1774796	-0.1993811
9.429	0.1758796	-0.2006089
9.437	0.1742698	-0.2018231
9.445	0.1726505	-0.2030237
9.453	0.1710215	-0.2042106
9.461	0.1693831	-0.2053837
9.469	0.1677354	-0.2065431
9.477	0.1660785	-0.2076885
9.485	0.1644124	-0.2088201
9.493	0.1627374	-0.2099376
9.501	0.1610535	-0.2110411
9.509	0.1593608	-0.2121305
9.517	0.1576594	-0.2132057
9.525	0.1559495	-0.2142667
9.533	0.1542312	-0.2153135
9.541	0.1525045	-0.2163459
9.549	0.1507697	-0.2173639
9.557	0.1490267	-0.2183675
9.565	0.1472758	-0.2193567
9.573	0.1455171	-0.2203312
9.581	0.1437506	-0.2212912
9.589	0.1419765	-0.2222366
9.597	0.1401948	-0.2231673
9.605	0.1384058	-0.2240833
9.613	0.1366095	-0.2249845
9.621	0.1348061	-0.2258709
9.629	0.1329956	-0.2267425
9.637	0.1311783	-0.2275991
9.645	0.1293541	-0.2284408
9.653	0.1275233	-0.2292676
9.661	0.1256859	-0.2300793
9.669	0.123842	-0.2308759
9.677	0.1219919	-0.2316575
9.685	0.1201355	-0.2324239
9.693	0.1182731	-0.2331752
9.701	0.1164048	-0.2339113
9.709	0.1145306	-0.2346321
9.717	0.1126507	-0.2353376
9.725	0.1107652	-0.2360279
9.733	0.1088743	-0.2367028
9.741	0.106978	-0.2373624
9.749	0.1050765	-0.2380065
9.757	0.10317	-0.2386353
9.765	0.1012584	-0.2392486
9.773	0.09934203	-0.2398464
9.781	0.09742092	-0.2404287
9.789	0.09549522	-0.2409955
9.797	0.09356504	-0.2415468
9.805	0.09163051	-0.2420825
9.813	0.08969176	-0.2426026
9.821	0.08774891	-0.2431071
9.829	0.08580209	-0.243596
9.837	0.08385142	-0.2440692
9.845	0.08189702	-0.2445267
9.853	0.07993903	-0.2449686
9.861	0.07797757	-0.2453948
9.869	0.07601276	-0.2458052
9.877	0.07404472	-0.2462
9.885	0.0720736	-0.246579
9.893	0.0700995	-0.2469422
9.901	0.06812256	-0.2472897
9.909	0.06614291	-0.2476214
9.917	0.06416066	-0.2479374
9.925	0.06217595	-0.2482376
9.933	0.0601889	-0.2485219
9.941	0.05819964	-0.2487905
9.949	0.0562083	-0.2490433
9.957	0.05421499	-0.2492802
9.965	0.05221986	-0.2495014
9.973	0.05022301	-0.2497067
9.981	0.04822459	-0.2498963
9.989	0.04622472	-0.25007
9.997	0.04422351	-0.2502279
10.005	0.04222111	-0.25037
10.013	0.04021764	-0.2504963
10.021	0.03821321	-0.2506068
10.029	0.03620797	-0.2507015
10.037	0.03420203	-0.2507804
10.045	0.03219552	-0.2508435
10.053	0.03018858	-0.2508909
10.061	0.02818131	-0.2509225
10.069	0.02617386	-0.2509383
10.077	0.02416634	-0.2509384
10.085	0.02215889	-0.2509227
10.093	0.02015162	-0.2508913
10.101	0.01814467	-0.2508442
10.109	0.01613815	-0.2507815
10.117	0.01413221	-0.250703
10.125	0.01212695	-0.2506089
10.133	0.01012251	-0.2504991
10.141	0.008119004	-0.2503737
10.149	0.006116567	-0.2502328
10.157	0.004115321	-0.2500762
10.165	0.00211539	-0.249904
10.173	0.0001168983	-0.2497163
10.181	-0.00188003	-0.2495131
10.189	-0.003875271	-0.2492944
10.197	-0.0058687	-0.2490603
10.205	-0.007860194	-0.2488107
10.213	-0.009849629	-0.2485456
10.221	-0.01183688	-0.2482652
10.229	-0.01382183	-0.2479694
10.237	-0.01580435	-0.2476583
10.245	-0.01778432	-0.2473319
10.253	-0.01976162	-0.2469902
10.261	-0.02173613	-0.2466333
10.269	-0.02370771	-0.2462612
10.277	-0.02567626	-0.2458739
10.285	-0.02764166	-0.2454715
10.293	-0.02960377	-0.2450539
10.301	-0.03156248	-0.2446214
10.309	-0.03351767	-0.2441737
10.317	-0.03546922	-0.2437112
10.325	-0.03741701	-0.2432336
10.333	-0.03936092	-0.2427412
10.341	-0.04130083	-0.2422339
10.349	-0.04323662	-0.2417118
10.357	-0.04516818	-0.2411749
10.365	-0.04709538	-0.2406233
10.373	-0.04901811	-0.240057
10.381	-0.05093625	-0.239476
10.389	-0.05284969	-0.2388805
10.397	-0.0547583	-0.2382704
10.405	-0.05666197	-0.2376458
10.413	-0.05856059	-0.2370067
10.421	-0.06045404	-0.2363533
10.429	-0.06234221	-0.2356855
10.437	-0.06422497	-0.2350034
10.445	-0.06610222	-0.2343071
10.453	-0.06797385	-0.2335966
10.461	-0.06983973	-0.2328719
10.469	-0.07169976	-0.2321332
10.477	-0.07355382	-0.2313804
10.485	-0.07540181	-0.2306137
10.493	-0.07724361	-0.2298331
10.501	-0.0790791	-0.2290386
10.509	-0.08090819	-0.2282303
10.517	-0.08273075	-0.2274083
10.525	-0.08454668	-0.2265727
10.533	-0.08635588	-0.2257234
10.541	-0.08815822	-0.2248606
10.549	-0.08995361	-0.2239843
10.557	-0.09174194	-0.2230945
10.565	-0.09352309	-0.2221915
10.573	-0.09529696	-0.2212751
10.581	-0.09706345	-0.2203455
10.589	-0.09882246	-0.2194028
10.597	-0.1005739	-0.218447
10.605	-0.1023176	-0.2174781
10.613	-0.1040535	-0.2164963
10.621	-0.1057815	-0.2155017
10.629	-0.1075015	-0.2144942
10.637	-0.1092134	-0.213474
10.645	-0.110917	-0.2124412
10.653	-0.1126124	-0.2113957
10.661	-0.1142993	-0.2103378
10.669	-0.1159778	-0.2092674
10.677	-0.1176476	-0.2081846
10.685	-0.1193087	-0.2070896
10.693	-0.120961	-0.2059823
10.701	-0.1226044	-0.204863
10.709	-0.1242387	-0.2037315
10.717	-0.125864	-0.2025881
10.725	-0.1274801	-0.2014328
10.733	-0.1290869	-0.2002657
10.741	-0.1306843	-0.1990868
10.749	-0.1322723	-0.1978963
10.757	-0.1338507	-0.1966942
10.765	-0.1354194	-0.1954807
10.773	-0.1369783	-0.1942557
10.781	-0.1385274	-0.1930194
10.789	-0.1400666	-0.1917719
10.797	-0.1415957	-0.1905133
10.805	-0.1431148	-0.1892435
10.813	-0.1446236	-0.1879628
10.821	-0.1461222	-0.1866712
10.829	-0.1476103	-0.1853689
10.837	-0.149088	-0.1840558
10.845	-0.1505552	-0.182732
10.853	-0.1520117	-0.1813978
10.861	-0.1534575	-0.1800531
10.869	-0.1548925	-0.1786981
10.877	-0.1563167	-0.1773328
10.885	-0.1577298	-0.1759573
10.893	-0.159132	-0.1745718
10.901	-0.160523	-0.1731763
10.909	-0.1619027	-0.1717709
10.917	-0.1632713	-0.1703557
10.925	-0.1646284	-0.1689308
10.933	-0.1659741	-0.1674963
10.941	-0.1673083	-0.1660524
10.949	-0.1686309	-0.164599
10.957	-0.1699419	-0.1631363
10.965	-0.1712411	-0.1616644
10.973	-0.1725285	-0.1601833
10.981	-0.173804	-0.1586933
10.989	-0.1750676	-0.1571943
10.997	-0.1763191	-0.1556866
11.005	-0.1775585	-0.1541701
11.013	-0.1787858	-0.152645
11.021	-0.1800008	-0.1511114
11.029	-0.1812035	-0.1495693
11.037	-0.1823939	-0.148019
11.045	-0.1835718	-0.1464604
11.053	-0.1847373	-0.1448938
11.061	-0.1858901	-0.1433191
11.069	-0.1870303	-0.1417366
11.077	-0.1881579	-0.1401462
11.085	-0.1892727	-0.1385482
11.093	-0.1903746	-0.1369426
11.101	-0.1914637	-0.1353295
11.109	-0.1925399	-0.133709
11.117	-0.193603	-0.1320813
11.125	-0.1946532	-0.1304463
11.133	-0.1956902	-0.1288044
11.141	-0.196714	-0.1271555
11.149	-0.1977246	-0.1254998
11.157	-0.198722	-0.1238373
11.165	-0.199706	-0.1221682
11.173	-0.2006767	-0.1204926
11.181	-0.2016339	-0.1188106
11.189	-0.2025776	-0.1171223
11.197	-0.2035078	-0.1154278
11.205	-0.2044244	-0.1137272
11.213	-0.2053274	-0.1120207
11.221	-0.2062168	-0.1103083
11.229	-0.2070924	-0.1085902
11.237	-0.2079542	-0.1068664
11.245	-0.2088022	-0.1051371
11.253	-0.2096364	-0.1034024
11.261	-0.2104566	-0.1016624
11.269	-0.2112629	-0.09991726
11.277	-0.2120553	-0.09816702
11.285	-0.2128336	-0.09641182
11.293	-0.2135979	-0.09465176
11.301	-0.214348	-0.09288698
11.309	-0.215084	-0.09111758
11.317	-0.2158059	-0.08934367
11.325	-0.2165135	-0.08756537
11.333	-0.2172069	-0.08578279
11.341	-0.217886	-0.08399605
11.349	-0.2185509	-0.08220525
11.357	-0.2192013	-0.08041052
11.365	-0.2198374	-0.07861198
11.373	-0.2204591	-0.07680972
11.381	-0.2210664	-0.07500388
11.389	-0.2216592	-0.07319456
11.397	-0.2222375	-0.07138189
11.405	-0.2228013	-0.06956597
11.413	-0.2233505	-0.06774692
11.421	-0.2238852	-0.06592486
11.429	-0.2244053	-0.0640999
11.437	-0.2249108	-0.06227216
11.445	-0.2254016	-0.06044176
11.453	-0.2258779	-0.05860881
11.461	-0.2263394	-0.05677343
11.469	-0.2267862	-0.05493573
11.477	-0.2272183	-0.05309583
11.485	-0.2276357	-0.05125386
11.493	-0.2280384	-0.04940991
11.501	-0.2284263	-0.04756412
11.509	-0.2287994	-0.04571659
11.517	-0.2291578	-0.04386745
11.525	-0.2295013	-0.0420168
11.533	-0.22983	-0.04016478
11.541	-0.2301439	-0.03831149
11.549	-0.230443	-0.03645705
11.557	-0.2307272	-0.03460157
11.565	-0.2309966	-0.03274519
11.573	-0.2312512	-0.030888
11.581	-0.2314908	-0.02903013
11.589	-0.2317156	-0.02717169
11.597	-0.2319256	-0.02531281
11.605	-0.2321206	-0.02345359
11.613	-0.2323008	-0.02159416
11.621	-0.2324662	-0.01973462
11.629	-0.2326166	-0.01787511
11.637	-0.2327522	-0.01601572
11.645	-0.2328728	-0.01415659
11.653	-0.2329787	-0.01229782
11.661	-0.2330696	-0.01043954
11.669	-0.2331457	-0.008581848
11.677	-0.2332069	-0.006724873
11.685	-0.2332533	-0.004868727
11.693	-0.2332848	-0.003013525
11.701	-0.2333015	-0.001159384
11.709	-0.2333034	0.0006935816
11.717	-0.2332904	0.002545257
11.725	-0.2332627	0.004395526
11.733	-0.2332201	0.006244275
11.741	-0.2331628	0.008091388
11.749	-0.2330906	0.009936752
11.757	-0.2330038	0.01178025
11.765	-0.2329022	0.01362177
11.773	-0.2327858	0.0154612
11.781	-0.2326548	0.01729842
11.789	-0.2325091	0.01913333
11.797	-0.2323487	0.02096579
11.805	-0.2321736	0.02279572
11.813	-0.2319839	0.02462298
11.821	-0.2317797	0.02644747
11.829	-0.2315608	0.02826908
11.837	-0.2313274	0.03008769
11.845	-0.2310794	0.0319032
11.853	-0.2308169	0.03371548
11.861	-0.23054	0.03552443
11.869	-0.2302485	0.03732994
11.877	-0.2299427	0.0391319
11.885	-0.2296224	0.04093019
11.893	-0.2292878	0.04272471
11.901	-0.2289388	0.04451534
11.909	-0.2285756	0.04630199
11.917	-0.228198	0.04808452
11.925	-0.2278062	0.04986285
11.933	-0.2274002	0.05163685
11.941	-0.2269801	0.05340643
11.949	-0.2265457	0.05517147
11.957	-0.2260973	0.05693186
11.965	-0.2256348	0.0586875
11.973	-0.2251583	0.06043829
11.981	-0.2246678	0.06218411
11.989	-0.2241634	0.06392485
11.997	-0.2236451	0.06566042
12.005	-0.2231129	0.06739071
12.013	-0.2225668	0.06911561
12.021	-0.222007	0.07083501
12.029	-0.2214335	0.07254882
12.037	-0.2208463	0.07425693
12.045	-0.2202454	0.07595923
12.053	-0.2196309	0.07765563
12.061	-0.2190029	0.07934602
12.069	-0.2183614	0.0810303
12.077	-0.2177064	0.08270836
12.085	-0.2170381	0.08438011
12.093	-0.2163564	0.08604544
12.101	-0.2156614	0.08770426
12.109	-0.2149531	0.08935646
12.117	-0.2142317	0.09100195
12.125	-0.2134971	0.09264063
12.133	-0.2127495	0.09427239
12.141	-0.2119888	0.09589714
12.149	-0.2112151	0.09751479
12.157	-0.2104286	0.09912523
12.165	-0.2096291	0.1007284
12.173	-0.2088169	0.1023241
12.181	-0.207992	0.1039124
12.189	-0.2071543	0.105493
12.197	-0.2063041	0.107066
12.205	-0.2054413	0.1086312
12.213	-0.204566	0.1101886
12.221	-0.2036783	0.111738
12.229	-0.2027782	0.1132793
12.237	-0.2018659	0.1148125
12.245	-0.2009413	0.1163374
12.253	-0.2000045	0.1178541
12.261	-0.1990556	0.1193623
12.269	-0.1980947	0.120862
12.277	-0.1971218	0.1223531
12.285	-0.1961371	0.1238355
12.293	-0.1951405	0.1253092
12.301	-0.1941322	0.126774
12.309	-0.1931121	0.1282298
12.317	-0.1920805	0.1296767
12.325	-0.1910373	0.1311144
12.333	-0.1899827	0.1325429
12.341	-0.1889167	0.1339621
12.349	-0.1878393	0.135372
12.357	-0.1867508	0.1367724
12.365	-0.185651	0.1381633
12.373	-0.1845402	0.1395446
12.381	-0.1834183	0.1409162
12.389	-0.1822855	0.142278
12.397	-0.1811419	0.14363
12.405	-0.1799875	0.144972
12.413	-0.1788224	0.1463041
12.421	-0.1776466	0.147626
12.429	-0.1764604	0.1489378
12.437	-0.1752637	0.1502394
12.445	-0.1740566	0.1515306
12.453	-0.1728392	0.1528114
12.461	-0.1716116	0.1540818
12.469	-0.1703739	0.1553417
12.477	-0.1691262	0.1565909
12.485	-0.1678685	0.1578295
12.493	-0.1666009	0.1590573
12.501	-0.1653236	0.1602743
12.509	-0.1640366	0.1614804
12.517	-0.1627399	0.1626755
12.525	-0.1614338	0.1638596
12.533	-0.1601182	0.1650327
12.541	-0.1587933	0.1661945
12.549	-0.1574591	0.1673451
12.557	-0.1561158	0.1684845
12.565	-0.1547634	0.1696125
12.573	-0.153402	0.170729
12.581	-0.1520318	0.1718341
12.589	-0.1506527	0.1729276
12.597	-0.149265	0.1740095
12.605	-0.1478686	0.1750797
12.613	-0.1464637	0.1761383
12.621	-0.1450504	0.177185
12.629	-0.1436288	0.1782199
12.637	-0.1421989	0.1792428
12.645	-0.140761	0.1802538
12.653	-0.1393149	0.1812528
12.661	-0.1378609	0.1822397
12.669	-0.1363991	0.1832145
12.677	-0.1349295	0.1841771
12.685	-0.1334523	0.1851275
12.693	-0.1319675	0.1860656
12.701	-0.1304753	0.1869913
12.709	-0.1289757	0.1879046
12.717	-0.1274689	0.1888055
12.725	-0.1259548	0.189694
12.733	-0.1244338	0.1905699
12.741	-0.1229058	0.1914331
12.749	-0.1213709	0.1922838
12.757	-0.1198293	0.1931218
12.765	-0.118281	0.1939471
12.773	-0.1167261	0.1947596
12.781	-0.1151649	0.1955593
12.789	-0.1135972	0.1963461
12.797	-0.1120234	0.19712
12.805	-0.1104433	0.1978811
12.813	-0.1088573	0.1986291
12.821	-0.1072653	0.1993641
12.829	-0.1056675	0.2000861
12.837	-0.104064	0.200795
12.845	-0.1024548	0.2014907
12.853	-0.1008401	0.2021733
12.861	-0.09922007	0.2028427
12.869	-0.0975947	0.2034989
12.877	-0.09596413	0.2041418
12.885	-0.09432847	0.2047714
12.893	-0.09268782	0.2053877
12.901	-0.0910423	0.2059906
12.909	-0.08939201	0.2065801
12.917	-0.08773705	0.2071562
12.925	-0.08607754	0.2077189
12.933	-0.08441359	0.2082681
12.941	-0.08274529	0.2088038
12.949	-0.08107276	0.2093259
12.957	-0.07939611	0.2098345
12.965	-0.07771545	0.2103296
12.973	-0.07603088	0.210811
12.981	-0.07434251	0.2112788
12.989	-0.07265045	0.211733
12.997	-0.07095482	0.2121735
13.005	-0.06925571	0.2126004
13.013	-0.06755325	0.2130135
13.021	-0.06584753	0.2134129
13.029	-0.06413868	0.2137986
13.037	-0.06242679	0.2141705
13.045	-0.06071199	0.2145287
13.053	-0.05899437	0.2148731
13.061	-0.05727405	0.2152037
13.069	-0.05555115	0.2155205
13.077	-0.05382576	0.2158234
13.085	-0.05209801	0.2161126
13.093	-0.050368	0.2163879
13.101	-0.04863584	0.2166493
13.109	-0.04690165	0.2168969
13.117	-0.04516553	0.2171306
13.125	-0.04342759	0.2173505
13.133	-0.04168796	0.2175565
13.141	-0.03994673	0.2177486
13.149	-0.03820401	0.2179268
13.157	-0.03645993	0.2180911
13.165	-0.03471459	0.2182416
13.173	-0.03296811	0.2183781
13.181	-0.03122058	0.2185008
13.189	-0.02947213	0.2186096
13.197	-0.02772286	0.2187044
13.205	-0.0259729	0.2187854
13.213	-0.02422233	0.2188525
13.221	-0.02247129	0.2189057
13.229	-0.02071988	0.2189451
13.237	-0.01896821	0.2189706
13.245	-0.01721639	0.2189822
13.253	-0.01546453	0.2189799
13.261	-0.01371275	0.2189638
13.269	-0.01196115	0.2189339
13.277	-0.01020984	0.2188901
13.285	-0.008458941	0.2188325
13.293	-0.006708557	0.2187612
13.301	-0.004958799	0.218676
13.309	-0.003209778	0.218577
13.317	-0.001461603	0.2184643
13.325	0.0002856139	0.2183378
13.333	0.002031764	0.2181976
13.341	0.003776738	0.2180436
13.349	0.005520426	0.217876
13.357	0.007262718	0.2176947
13.365	0.009003504	0.2174997
13.373	0.01074268	0.217291
13.381	0.01248012	0.2170688
13.389	0.01421574	0.2168329
13.397	0.01594941	0.2165835
13.405	0.01768104	0.2163205
13.413	0.01941051	0.216044
13.421	0.02113771	0.2157539
13.429	0.02286253	0.2154504
13.437	0.02458488	0.2151335
13.445	0.02630463	0.2148031
13.453	0.02802169	0.2144593
13.461	0.02973595	0.2141022
13.469	0.03144729	0.2137317
13.477	0.03315562	0.2133479
13.485	0.03486082	0.2129509
13.493	0.0365628	0.2125405
13.501	0.03826144	0.212117
13.509	0.03995663	0.2116804
13.517	0.04164829	0.2112305
13.525	0.04333629	0.2107676
13.533	0.04502053	0.2102916
13.541	0.04670092	0.2098026
13.549	0.04837734	0.2093006
13.557	0.05004969	0.2087856
13.565	0.05171788	0.2082578
13.573	0.05338178	0.207717
13.581	0.05504131	0.2071634
13.589	0.05669636	0.2065971
13.597	0.05834683	0.206018
13.605	0.05999262	0.2054262
13.613	0.06163362	0.2048217
13.621	0.06326973	0.2042046
13.629	0.06490086	0.203575
13.637	0.0665269	0.2029328
13.645	0.06814775	0.2022782
13.653	0.06976332	0.2016112
13.661	0.0713735	0.2009317
13.669	0.07297819	0.20024
13.677	0.0745773	0.199536
13.685	0.07617073	0.1988197
13.693	0.07775839	0.1980913
13.701	0.07934016	0.1973508
13.709	0.08091597	0.1965982
13.717	0.0824857	0.1958336
13.725	0.08404927	0.195057
13.733	0.08560658	0.1942685
13.741	0.08715754	0.1934682
13.749	0.08870204	0.1926562
13.757	0.09024	0.1918323
13.765	0.09177133	0.1909968
13.773	0.09329592	0.1901498
13.781	0.09481369	0.1892911
13.789	0.09632455	0.188421
13.797	0.0978284	0.1875394
13.805	0.09932515	0.1866465
13.813	0.1008147	0.1857422
13.821	0.102297	0.1848268
13.829	0.1037719	0.1839001
13.837	0.1052394	0.1829623
13.845	0.1066993	0.1820135
13.853	0.1081516	0.1810537
13.861	0.1095961	0.180083
13.869	0.1110329	0.1791015
13.877	0.1124617	0.1781092
13.885	0.1138826	0.1771061
13.893	0.1152954	0.1760924
13.901	0.1167	0.1750682
13.909	0.1180964	0.1740334
13.917	0.1194845	0.1729882
13.925	0.1208642	0.1719327
13.933	0.1222354	0.1708668
13.941	0.1235981	0.1697908
13.949	0.1249521	0.1687046
13.957	0.1262973	0.1676083
13.965	0.1276338	0.1665021
13.973	0.1289613	0.1653859
13.981	0.1302799	0.1642599
13.989	0.1315894	0.1631242
13.997	0.1328899	0.1619787
14.005	0.1341811	0.1608236
14.013	0.135463	0.159659
14.021	0.1367356	0.158485
14.029	0.1379988	0.1573016
14.037	0.1392524	0.1561089
14.045	0.1404965	0.1549069
14.053	0.1417309	0.1536959
14.061	0.1429556	0.1524758
14.069	0.1441705	0.1512467
14.077	0.1453755	0.1500087
14.085	0.1465706	0.1487619
14.093	0.1477557	0.1475064
14.101	0.1489307	0.1462423
14.109	0.1500955	0.1449696
14.117	0.1512502	0.1436885
14.125	0.1523945	0.1423989
14.133	0.1535285	0.1411011
14.141	0.1546521	0.1397951
14.149	0.1557652	0.1384809
14.157	0.1568678	0.1371587
14.165	0.1579597	0.1358286
14.173	0.159041	0.1344906
14.181	0.1601116	0.1331448
14.189	0.1611713	0.1317913
14.197	0.1622202	0.1304303
14.205	0.1632582	0.1290617
14.213	0.1642852	0.1276857
14.221	0.1653011	0.1263024
14.229	0.166306	0.1249119
14.237	0.1672997	0.1235143
14.245	0.1682822	0.1221096
14.253	0.1692534	0.1206979
14.261	0.1702134	0.1192794
14.269	0.1711619	0.1178541
14.277	0.172099	0.1164221
14.285	0.1730246	0.1149836
14.293	0.1739387	0.1135385
14.301	0.1748412	0.1120871
14.309	0.1757321	0.1106294
14.317	0.1766113	0.1091654
14.325	0.1774787	0.1076954
14.333	0.1783344	0.1062194
14.341	0.1791782	0.1047374
14.349	0.1800102	0.1032496
14.357	0.1808302	0.1017561
14.365	0.1816383	0.100257
14.373	0.1824343	0.09875237
14.381	0.1832183	0.0972423
14.389	0.1839902	0.0957269
14.397	0.1847499	0.09420626
14.405	0.1854975	0.0926805
14.413	0.1862328	0.0911497
14.421	0.1869558	0.08961396
14.429	0.1876666	0.0880734
14.437	0.188365	0.08652809
14.445	0.189051	0.08497815
14.453	0.1897246	0.08342368
14.461	0.1903858	0.08186477
14.469	0.1910345	0.08030153
14.477	0.1916706	0.07873406
14.485	0.1922942	0.07716245
14.493	0.1929052	0.07558681
14.501	0.1935036	0.07400725
14.509	0.1940893	0.07242386
14.517	0.1946623	0.07083674
14.525	0.1952227	0.069246
14.533	0.1957703	0.06765174
14.541	0.1963051	0.06605406
14.549	0.1968271	0.06445306
14.557	0.1973363	0.06284886
14.565	0.1978327	0.06124154
14.573	0.1983162	0.05963121
14.581	0.1987868	0.05801798
14.589	0.1992445	0.05640195
14.597	0.1996892	0.05478323
14.605	0.200121	0.05316191
14.613	0.2005398	0.0515381
14.621	0.2009456	0.0499119
14.629	0.2013384	0.04828342
14.637	0.2017181	0.04665277
14.645	0.2020848	0.04502004
14.653	0.2024384	0.04338533
14.661	0.202779	0.04174877
14.669	0.2031064	0.04011044
14.677	0.2034207	0.03847045
14.685	0.2037219	0.03682891
14.693	0.20401	0.03518592
14.701	0.2042849	0.03354159
14.709	0.2045467	0.03189602
14.717	0.2047952	0.03024931
14.725	0.2050307	0.02860157
14.733	0.2052529	0.02695291
14.741	0.2054619	0.02530342
14.749	0.2056577	0.02365321
14.757	0.2058403	0.0220024
14.765	0.2060098	0.02035107
14.773	0.206166	0.01869934
14.781	0.2063089	0.01704731
14.789	0.2064387	0.01539509
14.797	0.2065553	0.01374277
14.805	0.2066586	0.01209047
14.813	0.2067487	0.01043829
14.821	0.2068256	0.00878633
14.829	0.2068893	0.007134695
14.837	0.2069398	0.005483491
14.845	0.206977	0.003832821
14.853	0.2070011	0.00218279
14.861	0.207012	0.0005334998
14.869	0.2070096	-0.001114944
14.877	0.2069941	-0.002762439
14.885	0.2069654	-0.004408881
14.893	0.2069236	-0.006054167
14.901	0.2068686	-0.007698193
14.909	0.2068004	-0.009340857
14.917	0.2067191	-0.01098205
14.925	0.2066247	-0.01262168
14.933	0.2065172	-0.01425964
14.941	0.2063966	-0.01589583
14.949	0.2062629	-0.01753014
14.957	0.2061161	-0.01916247
14.965	0.2059563	-0.02079272
14.973	0.2057834	-0.02242079
14.981	0.2055975	-0.02404658
14.989	0.2053987	-0.02566998
14.997	0.2051868	-0.02729089
15.005	0.204962	-0.02890922
15.013	0.2047243	-0.03052486
15.021	0.2044736	-0.03213771
15.029	0.2042101	-0.03374767
15.037	0.2039337	-0.03535465
15.045	0.2036444	-0.03695853
15.053	0.2033423	-0.03855922
15.061	0.2030275	-0.04015663
15.069	0.2026999	-0.04175065
15.077	0.2023595	-0.04334118
15.085	0.2020064	-0.04492813
15.093	0.2016406	-0.0465114
15.101	0.2012622	-0.04809088
15.109	0.2008712	-0.04966648
15.117	0.2004676	-0.05123811
15.125	0.2000514	-0.05280567
15.133	0.1996227	-0.05436905
15.141	0.1991815	-0.05592817
15.149	0.1987279	-0.05748292
15.157	0.1982618	-0.05903321
15.165	0.1977833	-0.06057895
15.173	0.1972925	-0.06212004
15.181	0.1967894	-0.06365638
15.189	0.196274	-0.06518789
15.197	0.1957464	-0.06671446
15.205	0.1952066	-0.068236
15.213	0.1946547	-0.06975242
15.221	0.1940906	-0.07126362
15.229	0.1935145	-0.07276952
15.237	0.1929263	-0.07427002
15.245	0.1923262	-0.07576503
15.253	0.1917141	-0.07725445
15.261	0.1910901	-0.0787382
15.269	0.1904543	-0.08021618
15.277	0.1898067	-0.08168831
15.285	0.1891473	-0.08315449
15.293	0.1884762	-0.08461464
15.301	0.1877935	-0.08606866
15.309	0.1870991	-0.08751647
15.317	0.1863932	-0.08895798
15.325	0.1856758	-0.0903931
15.333	0.184947	-0.09182174
15.341	0.1842067	-0.09324382
15.349	0.1834551	-0.09465924
15.357	0.1826922	-0.09606794
15.365	0.181918	-0.09746981
15.373	0.1811327	-0.09886477
15.381	0.1803362	-0.1002527
15.389	0.1795286	-0.1016336
15.397	0.1787101	-0.1030074
15.405	0.1778805	-0.1043739
15.413	0.1770401	-0.105733
15.421	0.1761888	-0.1070848
15.429	0.1753268	-0.1084291
15.437	0.174454	-0.1097658
15.445	0.1735705	-0.1110948
15.453	0.1726765	-0.1124161
15.461	0.1717719	-0.1137297
15.469	0.1708568	-0.1150353
15.477	0.1699314	-0.1163329
15.485	0.1689955	-0.1176225
15.493	0.1680494	-0.118904
15.501	0.1670931	-0.1201773
15.509	0.1661266	-0.1214423
15.517	0.16515	-0.122699
15.525	0.1641634	-0.1239472
15.533	0.1631669	-0.1251869
15.541	0.1621605	-0.1264181
15.549	0.1611442	-0.1276406
15.557	0.1601182	-0.1288543
15.565	0.1590826	-0.1300593
15.573	0.1580373	-0.1312554
15.581	0.1569825	-0.1324426
15.589	0.1559183	-0.1336208
15.597	0.1548446	-0.1347899
15.605	0.1537616	-0.1359498
15.613	0.1526694	-0.1371006
15.621	0.1515681	-0.138242
15.629	0.1504576	-0.1393741
15.637	0.1493381	-0.1404968
15.645	0.1482097	-0.1416099
15.653	0.1470724	-0.1427136
15.661	0.1459263	-0.1438076
15.669	0.1447715	-0.1448919
15.677	0.143608	-0.1459665
15.685	0.142436	-0.1470313
15.693	0.1412556	-0.1480862
15.701	0.1400667	-0.1491312
15.709	0.1388695	-0.1501662
15.717	0.137664	-0.1511912
15.725	0.1364505	-0.152206
15.733	0.1352288	-0.1532107
15.741	0.1339991	-0.1542051
15.749	0.1327615	-0.1551892
15.757	0.1315161	-0.156163
15.765	0.1302629	-0.1571264
15.773	0.1290021	-0.1580794
15.781	0.1277337	-0.1590218
15.789	0.1264578	-0.1599536
15.797	0.1251745	-0.1608749
15.805	0.1238838	-0.1617855
15.813	0.1225859	-0.1626853
15.821	0.1212809	-0.1635744
15.829	0.1199688	-0.1644526
15.837	0.1186497	-0.16532
15.845	0.1173237	-0.1661764
15.853	0.1159909	-0.1670218
15.861	0.1146514	-0.1678563
15.869	0.1133052	-0.1686796
15.877	0.1119525	-0.1694919
15.885	0.1105934	-0.1702929
15.893	0.1092279	-0.1710828
15.901	0.1078561	-0.1718614
15.909	0.1064781	-0.1726287
15.917	0.105094	-0.1733847
15.925	0.103704	-0.1741293
15.933	0.102308	-0.1748625
15.941	0.1009062	-0.1755842
15.949	0.09949869	-0.1762944
15.957	0.09808554	-0.176993
15.965	0.09666684	-0.1776801
15.973	0.09524269	-0.1783555
15.981	0.09381318	-0.1790193
15.989	0.09237841	-0.1796714
15.997	0.09093847	-0.1803118
16.005	0.08949345	-0.1809404
16.013	0.08804345	-0.1815572
16.021	0.08658857	-0.1821622
16.029	0.08512889	-0.1827553
16.037	0.08366451	-0.1833365
16.045	0.08219554	-0.1839058
16.053	0.08072205	-0.1844631
16.061	0.07924416	-0.1850085
16.069	0.07776195	-0.1855418
16.077	0.07627552	-0.1860631
16.085	0.07478497	-0.1865723
16.093	0.0732904	-0.1870694
16.101	0.07179189	-0.1875544
16.109	0.07028956	-0.1880273
16.117	0.06878349	-0.188488
16.125	0.06727378	-0.1889365
16.133	0.06576054	-0.1893727
16.141	0.06424385	-0.1897968
16.149	0.06272382	-0.1902085
16.157	0.06120055	-0.190608
16.165	0.05967413	-0.1909952
16.173	0.05814466	-0.1913701
16.181	0.05661224	-0.1917327
16.189	0.05507697	-0.1920829
16.197	0.05353895	-0.1924207
16.205	0.05199827	-0.1927461
16.213	0.05045504	-0.1930592
16.221	0.04890936	-0.1933598
16.229	0.04736132	-0.193648
16.237	0.04581102	-0.1939238
16.245	0.04425857	-0.1941871
16.253	0.04270406	-0.194438
16.261	0.0411476	-0.1946764
16.269	0.03958927	-0.1949023
16.277	0.03802919	-0.1951157
16.285	0.03646745	-0.1953167
16.293	0.03490416	-0.1955051
16.301	0.03333941	-0.195681
16.309	0.0317733	-0.1958445
16.317	0.03020593	-0.1959954
16.325	0.0286374	-0.1961338
16.333	0.02706782	-0.1962596
16.341	0.02549728	-0.196373
16.349	0.02392589	-0.1964738
16.357	0.02235374	-0.1965621
16.365	0.02078093	-0.1966378
16.373	0.01920756	-0.1967011
16.381	0.01763374	-0.1967518
16.389	0.01605957	-0.19679
16.397	0.01448514	-0.1968157
16.405	0.01291055	-0.1968288
16.413	0.01133591	-0.1968295
16.421	0.009761313	-0.1968177
16.429	0.008186861	-0.1967933
16.437	0.006612653	-0.1967565
16.445	0.00503879	-0.1967072
16.453	0.003465371	-0.1966455
16.461	0.001892496	-0.1965712
16.469	0.0003202643	-0.1964846
16.477	-0.001251224	-0.1963854
16.485	-0.00282187	-0.1962739
16.493	-0.004391574	-0.19615
16.501	-0.005960236	-0.1960136
16.509	-0.007527759	-0.1958649
16.517	-0.009094042	-0.1957038
16.525	-0.01065899	-0.1955304
16.533	-0.01222249	-0.1953446
16.541	-0.01378447	-0.1951465
16.549	-0.01534481	-0.1949361
16.557	-0.01690341	-0.1947134
16.565	-0.01846019	-0.1944784
16.573	-0.02001503	-0.1942313
16.581	-0.02156785	-0.1939719
16.589	-0.02311855	-0.1937003
16.597	-0.02466703	-0.1934165
16.605	-0.02621318	-0.1931206
16.613	-0.02775692	-0.1928125
16.621	-0.02929815	-0.1924924
16.629	-0.03083677	-0.1921602
16.637	-0.03237268	-0.1918159
16.645	-0.03390579	-0.1914596
16.653	-0.035436	-0.1910913
16.661	-0.03696322	-0.1907111
16.669	-0.03848735	-0.1903189
16.677	-0.04000829	-0.1899148
16.685	-0.04152595	-0.1894989
16.693	-0.04304024	-0.1890711
16.701	-0.04455106	-0.1886315
16.709	-0.04605831	-0.1881801
16.717	-0.04756191	-0.187717
16.725	-0.04906176	-0.1872422
16.733	-0.05055776	-0.1867557
16.741	-0.05204982	-0.1862576
16.749	-0.05353785	-0.1857479
16.757	-0.05502175	-0.1852266
16.765	-0.05650144	-0.1846938
16.773	-0.05797682	-0.1841496
16.781	-0.0594478	-0.1835939
16.789	-0.06091429	-0.1830268
16.797	-0.0623762	-0.1824483
16.805	-0.06383344	-0.1818585
16.813	-0.06528591	-0.1812574
16.821	-0.06673353	-0.1806451
16.829	-0.0681762	-0.1800217
16.837	-0.06961384	-0.179387
16.845	-0.07104636	-0.1787413
16.853	-0.07247367	-0.1780845
16.861	-0.07389569	-0.1774168
16.869	-0.07531231	-0.176738
16.877	-0.07672347	-0.1760484
16.885	-0.07812906	-0.1753479
16.893	-0.079529	-0.1746366
16.901	-0.08092321	-0.1739145
16.909	-0.08231161	-0.1731817
16.917	-0.08369409	-0.1724382
16.925	-0.08507059	-0.1716842
16.933	-0.08644101	-0.1709196
16.941	-0.08780528	-0.1701445
16.949	-0.0891633	-0.1693589
16.957	-0.09051499	-0.168563
16.965	-0.09186028	-0.1677567
16.973	-0.09319907	-0.1669401
16.981	-0.09453129	-0.1661133
16.989	-0.09585686	-0.1652764
16.997	-0.09717569	-0.1644293
17.005	-0.0984877	-0.1635722
17.013	-0.09979281	-0.1627051
17.021	-0.101091	-0.161828
17.029	-0.102382	-0.1609411
17.037	-0.103666	-0.1600443
17.045	-0.1049427	-0.1591379
17.053	-0.1062122	-0.1582217
17.061	-0.1074742	-0.1572959
17.069	-0.1087289	-0.1563605
17.077	-0.109976	-0.1554156
17.085	-0.1112155	-0.1544613
17.093	-0.1124473	-0.1534977
17.101	-0.1136714	-0.1525247
17.109	-0.1148877	-0.1515424
17.117	-0.1160961	-0.1505511
17.125	-0.1172965	-0.1495505
17.133	-0.1184889	-0.148541
17.141	-0.1196731	-0.1475225
17.149	-0.1208492	-0.1464951
17.157	-0.122017	-0.1454588
17.165	-0.1231765	-0.1444138
17.173	-0.1243276	-0.1433601
17.181	-0.1254703	-0.1422978
17.189	-0.1266044	-0.1412269
17.197	-0.1277299	-0.1401475
17.205	-0.1288467	-0.1390597
17.213	-0.1299548	-0.1379636
17.221	-0.1310541	-0.1368593
17.229	-0.1321445	-0.1357467
17.237	-0.133226	-0.134626
17.245	-0.1342985	-0.1334973
17.253	-0.135362	-0.1323607
17.261	-0.1364163	-0.1312161
17.269	-0.1374614	-0.1300637
17.277	-0.1384973	-0.1289036
17.285	-0.1395238	-0.1277358
17.293	-0.140541	-0.1265605
17.301	-0.1415488	-0.1253776
17.309	-0.1425471	-0.1241873
17.317	-0.1435358	-0.1229897
17.325	-0.1445149	-0.1217848
17.333	-0.1454843	-0.1205727
17.341	-0.146444	-0.1193535
17.349	-0.1473939	-0.1181273
17.357	-0.148334	-0.1168942
17.365	-0.1492642	-0.1156541
17.373	-0.1501845	-0.1144073
17.381	-0.1510947	-0.1131538
17.389	-0.1519949	-0.1118937
17.397	-0.152885	-0.110627
17.405	-0.1537649	-0.1093539
17.413	-0.1546347	-0.1080744
17.421	-0.1554941	-0.1067886
17.429	-0.1563433	-0.1054966
17.437	-0.157182	-0.1041985
17.445	-0.1580104	-0.1028944
17.453	-0.1588283	-0.1015843
17.461	-0.1596358	-0.1002684
17.469	-0.1604326	-0.09894668
17.477	-0.1612189	-0.09761928
17.485	-0.1619945	-0.09628628
17.493	-0.1627594	-0.09494777
17.501	-0.1635137	-0.09360383
17.509	-0.1642571	-0.09225455
17.517	-0.1649897	-0.09090001
17.525	-0.1657115	-0.08954032
17.533	-0.1664223	-0.08817554
17.541	-0.1671223	-0.08680578
17.549	-0.1678112	-0.08543113
17.557	-0.1684892	-0.08405166
17.565	-0.169156	-0.08266748
17.573	-0.1698118	-0.08127867
17.581	-0.1704565	-0.07988531
17.589	-0.17109	-0.07848751
17.597	-0.1717123	-0.07708536
17.605	-0.1723233	-0.07567893
17.613	-0.1729231	-0.07426833
17.621	-0.1735116	-0.07285364
17.629	-0.1740888	-0.07143496
17.637	-0.1746546	-0.07001238
17.645	-0.175209	-0.06858599
17.653	-0.1757519	-0.06715588
17.661	-0.1762834	-0.06572215
17.669	-0.1768035	-0.06428488
17.677	-0.177312	-0.06284417
17.685	-0.177809	-0.06140011
17.693	-0.1782944	-0.0599528
17.701	-0.1787682	-0.05850233
17.709	-0.1792304	-0.05704879
17.717	-0.179681	-0.05559228
17.725	-0.1801199	-0.05413288
17.733	-0.1805471	-0.0526707
17.741	-0.1809626	-0.05120582
17.749	-0.1813664	-0.04973835
17.757	-0.1817584	-0.04826837
17.765	-0.1821387	-0.04679597
17.773	-0.1825071	-0.04532127
17.781	-0.1828638	-0.04384434
17.789	-0.1832087	-0.04236528
17.797	-0.1835417	-0.04088419
17.805	-0.1838628	-0.03940116
17.813	-0.1841721	-0.03791629
17.821	-0.1844694	-0.03642967
17.829	-0.1847549	-0.03494139
17.837	-0.1850285	-0.03345156
17.845	-0.1852902	-0.03196027
17.853	-0.1855399	-0.03046761
17.861	-0.1857776	-0.02897367
17.869	-0.1860034	-0.02747856
17.877	-0.1862173	-0.02598236
17.885	-0.1864192	-0.02448518
17.893	-0.186609	-0.02298711
17.901	-0.186787	-0.02148824
17.909	-0.1869529	-0.01998867
17.917	-0.1871068	-0.01848849
17.925	-0.1872487	-0.01698781
17.933	-0.1873786	-0.01548671
17.941	-0.1874965	-0.01398529
17.949	-0.1876023	-0.01248364
17.957	-0.1876962	-0.01098187
17.965	-0.187778	-0.009480065
17.973	-0.1878479	-0.00797832
17.981	-0.1879057	-0.006476732
17.989	-0.1879515	-0.004975396
17.997	-0.1879853	-0.003474407
18.005	-0.1880071	-0.001973861
18.013	-0.1880169	-0.0004738505
18.021	-0.1880147	0.001025528
18.029	-0.1880005	0.002524179
18.037	-0.1879743	0.00402201
18.045	-0.1879361	0.005518924
18.053	-0.187886	0.007014828
18.061	-0.1878239	0.008509628
18.069	-0.1877498	0.01000323
18.077	-0.1876639	0.01149554
18.085	-0.1875659	0.01298645
18.093	-0.1874561	0.01447589
18.101	-0.1873343	0.01596376
18.109	-0.1872007	0.01744995
18.117	-0.1870551	0.01893439
18.125	-0.1868977	0.02041696
18.133	-0.1867285	0.02189759
18.141	-0.1865474	0.02337618
18.149	-0.1863544	0.02485263
18.157	-0.1861497	0.02632686
18.165	-0.1859332	0.02779876
18.173	-0.1857049	0.02926826
18.181	-0.1854649	0.03073525
18.189	-0.1852132	0.03219964
18.197	-0.1849497	0.03366134
18.205	-0.1846746	0.03512027
18.213	-0.1843878	0.03657633
18.221	-0.1840894	0.03802942
18.229	-0.1837794	0.03947946
18.237	-0.1834577	0.04092636
18.245	-0.1831245	0.04237002
18.253	-0.1827798	0.04381036
18.261	-0.1824236	0.04524729
18.269	-0.1820559	0.04668071
18.277	-0.1816767	0.04811054
18.285	-0.1812861	0.04953669
18.293	-0.1808841	0.05095907
18.301	-0.1804708	0.05237759
18.309	-0.1800461	0.05379216
18.317	-0.1796101	0.05520269
18.325	-0.1791629	0.05660911
18.333	-0.1787044	0.05801131
18.341	-0.1782347	0.05940921
18.349	-0.1777539	0.06080273
18.357	-0.1772619	0.06219178
18.365	-0.1767588	0.06357627
18.373	-0.1762447	0.06495612
18.381	-0.1757195	0.06633123
18.389	-0.1751834	0.06770154
18.397	-0.1746363	0.06906695
18.405	-0.1740783	0.07042737
18.413	-0.1735095	0.07178272
18.421	-0.1729298	0.07313293
18.429	-0.1723394	0.0744779
18.437	-0.1717382	0.07581755
18.445	-0.1711263	0.0771518
18.453	-0.1705038	0.07848057
18.461	-0.1698706	0.07980377
18.469	-0.1692269	0.08112133
18.477	-0.1685727	0.08243316
18.485	-0.167908	0.08373919
18.493	-0.1672329	0.08503932
18.501	-0.1665474	0.08633349
18.509	-0.1658516	0.0876216
18.517	-0.1651455	0.0889036
18.525	-0.1644291	0.09017938
18.533	-0.1637026	0.09144888
18.541	-0.162966	0.09271202
18.549	-0.1622192	0.09396872
18.557	-0.1614625	0.0952189
18.565	-0.1606957	0.09646249
18.573	-0.1599191	0.09769942
18.581	-0.1591326	0.09892959
18.589	-0.1583362	0.1001529
18.597	-0.1575301	0.1013694
18.605	-0.1567143	0.1025789
18.613	-0.1558889	0.1037814
18.621	-0.1550539	0.1049767
18.629	-0.1542093	0.1061648
18.637	-0.1533552	0.1073457
18.645	-0.1524918	0.1085193
18.653	-0.151619	0.1096854
18.661	-0.1507368	0.1108441
18.669	-0.1498455	0.1119952
18.677	-0.1489449	0.1131387
18.685	-0.1480353	0.1142746
18.693	-0.1471166	0.1154026
18.701	-0.1461888	0.1165229
18.709	-0.1452522	0.1176353
18.717	-0.1443067	0.1187397
18.725	-0.1433524	0.1198361
18.733	-0.1423894	0.1209243
18.741	-0.1414176	0.1220045
18.749	-0.1404373	0.1230764
18.757	-0.1394484	0.12414
18.765	-0.1384511	0.1251953
18.773	-0.1374453	0.1262422
18.781	-0.1364312	0.1272806
18.789	-0.1354089	0.1283105
18.797	-0.1343783	0.1293317
18.805	-0.1333396	0.1303443
18.813	-0.1322928	0.1313482
18.821	-0.131238	0.1323433
18.829	-0.1301753	0.1333295
18.837	-0.1291048	0.1343069
18.845	-0.1280264	0.1352753
18.853	-0.1269404	0.1362347
18.861	-0.1258467	0.137185
18.869	-0.1247455	0.1381262
18.877	-0.1236367	0.1390582
18.885	-0.1225206	0.1399809
18.893	-0.121397	0.1408944
18.901	-0.1202663	0.1417985
18.909	-0.1191283	0.1426932
18.917	-0.1179832	0.1435785
18.925	-0.1168311	0.1444542
18.933	-0.115672	0.1453204
18.941	-0.114506	0.146177
18.949	-0.1133332	0.1470239
18.957	-0.1121536	0.1478611
18.965	-0.1109674	0.1486885
18.973	-0.1097746	0.1495062
18.981	-0.1085753	0.150314
18.989	-0.1073696	0.1511118
18.997	-0.1061576	0.1518998
19.005	-0.1049393	0.1526777
19.013	-0.1037148	0.1534456
19.021	-0.1024842	0.1542034
19.029	-0.1012475	0.1549511
19.037	-0.100005	0.1556886
19.045	-0.09875654	0.1564159
19.053	-0.09750233	0.1571329
19.061	-0.09624244	0.1578397
19.069	-0.09497693	0.1585361
19.077	-0.09370589	0.1592221
19.085	-0.0924294	0.1598977
19.093	-0.09114755	0.1605628
19.101	-0.08986042	0.1612175
19.109	-0.0885681	0.1618616
19.117	-0.08727067	0.1624951
19.125	-0.08596821	0.1631181
19.133	-0.08466081	0.1637304
19.141	-0.08334855	0.164332
19.149	-0.08203152	0.164923
19.157	-0.08070981	0.1655031
19.165	-0.0793835	0.1660726
19.173	-0.07805268	0.1666312
19.181	-0.07671743	0.1671789
19.189	-0.07537784	0.1677158
19.197	-0.07403401	0.1682419
19.205	-0.072686	0.1687569
19.213	-0.07133392	0.1692611
19.221	-0.06997786	0.1697542
19.229	-0.06861789	0.1702364
19.237	-0.0672541	0.1707075
19.245	-0.0658866	0.1711675
19.253	-0.06451545	0.1716165
19.261	-0.06314076	0.1720544
19.269	-0.06176261	0.1724811
19.277	-0.06038109	0.1728967
19.285	-0.05899629	0.1733011
19.293	-0.05760831	0.1736943
19.301	-0.05621722	0.1740763
19.309	-0.05482311	0.1744471
19.317	-0.05342609	0.1748066
19.325	-0.05202624	0.1751548
19.333	-0.05062365	0.1754917
19.341	-0.0492184	0.1758174
19.349	-0.0478106	0.1761317
19.357	-0.04640033	0.1764346
19.365	-0.04498768	0.1767262
19.373	-0.04357274	0.1770065
19.381	-0.0421556	0.1772754
19.389	-0.04073636	0.1775328
19.397	-0.03931511	0.1777789
19.405	-0.03789193	0.1780136
19.413	-0.03646692	0.1782368
19.421	-0.03504017	0.1784486
19.429	-0.03361177	0.1786489
19.437	-0.03218182	0.1788378
19.445	-0.0307504	0.1790152
19.453	-0.02931761	0.1791812
19.461	-0.02788353	0.1793357
19.469	-0.02644827	0.1794787
19.477	-0.0250119	0.1796103
19.485	-0.02357453	0.1797303
19.493	-0.02213625	0.1798389
19.501	-0.02069714	0.179936
19.509	-0.0192573	0.1800215
19.517	-0.01781683	0.1800956
19.525	-0.0163758	0.1801582
19.533	-0.01493433	0.1802093
19.541	-0.01349248	0.1802489
19.549	-0.01205037	0.180277
19.557	-0.01060808	0.1802937
19.565	-0.009165705	0.1802988
19.573	-0.007723332	0.1802925
19.581	-0.006281056	0.1802747
19.589	-0.004838968	0.1802454
19.597	-0.00339716	0.1802047
19.605	-0.001955723	0.1801525
19.613	-0.0005147499	0.1800889
19.621	0.0009256686	0.1800138
19.629	0.002365441	0.1799273
19.637	0.003804475	0.1798294
19.645	0.005242681	0.1797201
19.653	0.006679966	0.1795994
19.661	0.008116241	0.1794673
19.669	0.009551412	0.1793238
19.677	0.01098539	0.179169
19.685	0.01241809	0.1790028
19.693	0.01384941	0.1788253
19.701	0.01527926	0.1786365
19.709	0.01670756	0.1784364
19.717	0.01813421	0.178225
19.725	0.01955913	0.1780024
19.733	0.02098222	0.1777685
19.741	0.0224034	0.1775234
19.749	0.02382257	0.1772671
19.757	0.02523964	0.1769996
19.765	0.02665453	0.176721
19.773	0.02806715	0.1764312
19.781	0.0294774	0.1761303
19.789	0.0308852	0.1758183
19.797	0.03229046	0.1754952
19.805	0.03369309	0.1751611
19.813	0.03509301	0.174816
19.821	0.03649012	0.1744599
19.829	0.03788434	0.1740928
19.837	0.03927558	0.1737148
19.845	0.04066375	0.1733259
19.853	0.04204876	0.1729261
19.861	0.04343054	0.1725155
19.869	0.04480898	0.172094
19.877	0.04618401	0.1716618
19.885	0.04755554	0.1712188
19.893	0.04892348	0.1707651
19.901	0.05028775	0.1703007
19.909	0.05164827	0.1698256
19.917	0.05300494	0.1693399
19.925	0.05435768	0.1688436
19.933	0.05570641	0.1683368
19.941	0.05705104	0.1678195
19.949	0.05839149	0.1672916
19.957	0.05972768	0.1667534
19.965	0.06105952	0.1662047
19.973	0.06238692	0.1656457
19.981	0.06370982	0.1650763
19.989	0.06502812	0.1644967
19.997	0.06634174	0.1639068
